0.935533873943533
-10.656942253227506
1.1283210895382028
1.527334183400428
3.9463742817814795
1.71330600741025
-4.988179150577162
-1.7772485314414432
0.46390504214114964
1.9620624986870143
-2.5868600350424362
1.1877712414947554
3.93917771165796
-0.36850815858125685
-4.196568888307233
-1.5208618053418057
2.3212554699785297
0.8725934906176027
7.682654420820127
12.578090754238893
0.9640557852133027
3.037284568441365
-3.1303245877197234
-1.4687642184764464
0.13473577964739203
-2.3653654372552713
-1.5431553001274882
3.102679626830305
3.066889608924705
-2.350887847161941
-0.14846836734061375
3.697184587092402
-7.665218790306886
0.7403893858016337
1.349147749128912
3.056837149108099
1.199981151799994
-0.8402967033132183
-4.5718773944864575
-4.544421819857411
6.873053463991119
-0.5382033998099424
3.2959438258242306
6.967083865334548
-5.637300050012152
4.198127008228694
-0.03946691035462324
-0.2080472057772359
-3.6672960693730356
3.1273817441207576
-0.46110029642698613
-2.0604508283157985
6.955575856108464
4.066383552649512
0.41680087158903945
-2.3365107062959414
2.1336173814670345
3.5259369607043762
-4.765969155481075
0.4558497379520794
0.014393460243173228
-0.25079888469312417
-2.8313707954165555
-2.734619889255851
1.6608808001308728
-4.821442742053703
-2.8111223036894932
0.9012586284971205
-5.975218536440401
-1.780806662879849
-6.975100555518567
5.685365779473495
0.005520301626382507
-0.5760312022818131
-3.843554581064329
0.4475934890333635
-0.5555094509165222
-1.9513394363355028
-0.9142633461788696
2.6254762028848586
4.681065991179723
-8.117092431343112
-1.443809987497342
-1.087953366660503
3.483215562112367
1.9559638323451063
0.12241630674211001
-5.615123159430793
-0.9020080461685969
0.1443747891447138
2.3142145222013975
-8.288407759695748
-4.259566511011871
-2.381675709761785
1.0823703402465847
-1.4332010439422396
-4.803652143441687
-3.918757199972303
4.854515586128651
-3.03853397194697
0.29208997854990026
6.885484202979094
0.16381126313238692
-8.376356256426611
-1.1757331056623093
3.050228080638975
2.880092190575571
2.386395290863054
-2.0320427845631768
1.4201380926457248
-2.564202254713729
-0.8141241302797761
1.1511766337838711
-0.3590435719186907
-0.6690963853847447
-0.5376879074867325
-0.6546258675237414
1.4243190033790216
-3.5758059767169486
2.2943918747175904
5.541096195298606
-0.13745346271624959
-0.2839524997877293
-3.8520546233675543
3.745442997392174
2.593866936747326
-2.4349618859066684
2.643432049965974
-0.16513167410162444
-3.5362445026251095
2.8243629547963476
2.307536914703292
1.483175935693419
-2.299227856242954
-2.558474781912636
4.677109180867157
3.3262750179236553
-0.8656188932424529
-5.730738870161984
-1.2433515236270052
0.2143285209584711
-4.940503418684278
2.157568563012884
-1.842288533679395
0.5769884297933292
8.637805717916246
-1.0703000705682544
0.04905100506240617
3.272831354713333
-6.629822199150574
-0.15463026898528898
1.6216455770755056
4.312038041510544
3.522542348746698
-2.705777315045389
-2.6943598681248693
-1.4266158168506347
-5.031486186898018
1.9715845978510587
5.8853719876983925
2.277271113378984
2.335360587980262
1.838833727673412
-0.09935422601100541
0.1839919122876681
3.4536751391660134
5.296978979151909
0.5401460384706794
3.5412037112509966
4.402969111483252
5.296205563508126
-4.246670493712811
4.408090538870133
0.45362833415391535
0.4114849109360259
-0.27971022927327727
8.309772044709485
-0.04559335287854971
-0.35981586580616964
0.43763844152293363
3.509396519627877
-2.9262121558190968
6.433563582464094
5.756724384424054
9.96273483055435
-1.7595069244240147
1.7197612595526262
2.504771723611427
5.012230091266558
-0.5423967318908245
-2.331602338877549
-1.848895626146628
0.09073707716731783
2.688103268214319
-5.877192599834508
6.944726779853497
-1.1909293970343207
0.354184770812542
0.5168036509636087
-1.5545521532907216
2.996080668063162
-5.359614514202432
2.3492268643310066
0.9116850515820545
-0.1701185004992558
-2.821918751427489
1.5579464720732308
0.2932727268188038
5.686974128634464
1.9965322776041436
-1.4898204609273447
5.197613769969036
-5.6905260351081655
0.3152886939152456
-0.3068475725381503
-4.954110621947241
-4.148540430039663
3.393033290545478
-5.401781915199588
5.089044956682668
8.772197800410769
-2.571247874172881
0.21529124598956528
-0.37525321545650137
5.007501930136657
0.7596047270999176
2.401995638794638
2.3964660016866985
1.891535967562112
7.7335059497713745
-2.8391650897881955
-4.638341186134308
-1.2431682870205885
-9.425584370571988
-0.39131492726306694
2.6128043948777044
2.424503321431628
-9.159538747772732
2.922144714304355
-2.3710706504097074
-4.980698955707661
2.785724473959197
1.0303229438394093
-0.9949493225774333
0.9260392245375296
-3.9638049580124224
1.4720877934595389
-1.5876442437930869
-4.456393929995871
-7.184947551895462
3.634669201681641
-5.438665812419824
3.8283792664027096
4.422915467595873
3.0735419640104205
-4.730434429627071
-2.2219410884738156
2.0304754576291484
4.644529403553944
-1.6696917206148114
4.047640054145018
-4.924154436832566
2.1552592890200826
0.6740014663504084
-7.978060274998647
-7.191584755887809
6.387957719321736
1.0557548697179375
-0.9840806609320201
-1.7326130078573827
6.0424565751350485
-1.681686762626946
0.46862932039620375
4.984155223762977
6.0145430211179995
5.748386521878036
-1.2982197112156006
-0.6158618876290278
-2.4006312290432135
5.47044098041282
-2.797832982231718
-3.55666540881199
3.9850342869134847
-3.4480733280133085
-5.0314097981248995
5.380681998001577
5.209153824222522
0.24975317814430453
1.4827589775889032
-0.5148373761794875
0.7374054573487159
-1.6610904016716894
2.681979380558391
3.803576798443555
-2.996935488740027
-4.69709189614853
-5.57961854737497
-1.5228842987676376
-3.3465773779335963
0.07487686888022527
-1.5523658648039445
-3.6831671342632024
1.0424070585608742
-0.8482502971412131
0.3698346254932341
-2.0826842076807477
-2.125518644518351
-1.3859068864279551
-3.6499923564941987
2.8573435797060034
-0.5153029732335705
0.5922897402260032
0.7345916060467754
5.5001646740724786
4.0998618459057825
-5.868003201447391
-1.0608300403515352
-0.5230462659244142
1.5302128914828028
-3.42744457176149
6.389851731788331
0.720065121586894
-6.08723931648584
1.1406660913698605
1.2500422427762705
3.5393105821980884
1.5481509129328628
4.658550504037187
-0.5952191850124646
6.775626583992051
4.177608340064911
8.754493369621322
5.138354525571324
-3.2168132061462726
4.222927767011751
-3.2608072462994455
-4.922296194463889
5.511790579179637
2.8124267102824945
-1.2210041942678371
0.19082197246327426
-1.0520509259687647
1.6953260105223338
3.1290590292822027
-1.1211862292132648
-0.8957134919791665
3.0209257595146117
5.221692638194957
6.987111540501154
-1.9650067704515384
-0.0675935891974715
3.510189029796146
-0.9235050036457307
-7.636466994806836
4.417481066236139
-1.4387134936456942
-1.869587726584312
-1.0126157920617636
-2.45059251014676
-1.5599402338414488
0.9323694300174928
-5.492414488080236
-6.141988194302291
0.4853508794967667
-4.756356058324931
1.189210819703197
-6.28572011812118
2.362088350140464
-3.1768210623968898
-1.176069517391106
0.25076514382850057
2.4933493353238503
-4.817405168417744
-2.185194420214361
-0.7801062551147053
2.5570946459703956
-2.0039378880097094
-1.722543694856979
2.2627193931244722
3.2505333750547845
3.093626880283449
5.040708664834918
0.6085347765386577
-3.0322973363943495
2.8520694282674874
-2.8029237887095655
2.280243644618839
3.008575670038857
-0.47677291987668546
8.808458172254634
-3.7356204779574176
-0.5603962935199546
3.8396586983142837
4.720628069024287
1.315479620683318
2.14567172551554
0.31013298320077354
1.7363202257117858
-4.837458615400978
2.3480315500238014
-2.0806662052501546
-7.1619113441740785
-0.11395205492080285
-4.078278636925345
4.021580973687326
-0.5769899454840681
3.0118029230590877
-1.145788286727341
-1.4807494580530487
3.1522122697754105
-2.6546901529487896
4.886044374255685
1.4905746216213571
1.3964765752738764
-3.0985114149302504
5.4128187198181825
-0.7834029329020504
2.094738292546137
-0.043884897918419874
-0.6818883030198764
3.249138083613013
1.173027307191746
-0.8319649448083304
1.2847876372466274
2.1337587129090316
-2.9929308632538287
4.217554770387058
-4.391340062907969
-1.2135932530442108
-5.022540512211856
-3.7020235706765456
-1.7003773728756912
1.1734447353407926
-0.02650767068183124
-3.635086449140455
-2.5090891080746327
-2.0866598031964676
2.8309911619432664
-2.9420503819454207
-8.015058173972262
-0.4068951705221666
0.3167617164408334
-0.5311108787514865
0.34394310487556545
-1.026473399268568
-1.866056852757719
-1.8112269390138063
4.834522309681849
2.159920581560914
3.675503342960153
-0.6073626503212282
3.3336296563110155
3.6702546178143765
-2.717040754816013
6.678988583152195
-3.4567589802926024
2.9127383768983255
3.6308794655896417
-1.402021044787714
-1.8427764677516454
0.9632354054583807
1.0996473070689268
4.5000838571207815
-5.942637304276709
-1.9482799718928248
-0.8212207825634816
-0.38093228499754694
-0.9013679764837903
1.2799996911281686
-7.793993678260803
-1.0725578547485721
2.56778690685379
1.981892353104165
4.528828230390063
-4.177903240937727
-3.005946285911897
-6.161068122790805
4.850324737081778
-0.6056838591626277
-0.7067286597692639
1.5581474652678708
-5.2245227733441535
-3.531207927655087
0.9092107767058173
4.104464911768031
6.303342753119026
0.11802599179170192
-3.5518671852646624
1.7069486864715038
-0.809214675220595
-0.4610111545615838
3.2189415009594997
-5.900833055834653
3.946659674160526
0.6114039129685531
4.671016698929577
0.0002542371474909544
1.8701649801722506
3.1916663167235035
0.9436702444837151
2.419985057806699
-3.9094187062896273
1.4182790231434936
-0.6464069653829809
0.6831900743088575
1.0765493568209732
-4.435124655860307
1.195874939176925
-4.922142381374709
-1.8486166045378871
6.579485498194321
3.1515570300287408
-4.85505448591408
4.079968291120684
0.7760121485979006
-2.6900831688030813
-2.7141090648576003
-1.6414240183217879
2.3401007298857683
-2.2231518029295247
0.031503111979032106
3.075636280399341
4.086562889635319
-0.9702345021247791
1.208311207737115
-10.015560824631192
5.705413027327711
-4.393899171862235
7.338072619138982
6.828282121819871
6.7135317698891726
-0.999215062018527
-0.720663228280026
3.803345411424568
2.114048972637348
2.624660365411342
-2.477259891495203
-6.475431454293565
1.2083016542286833
0.8924531936597374
6.464369666885292
-0.30772817012586273
5.4022797742013555
6.8505411306372155
-8.300602143754523
2.1397656116698185
-0.09689644691680566
1.8774958271289446
-5.84874171696191
-7.459754539331875
4.455206470632694
0.7482061176941386
3.8385845777674326
-3.350349087486044
0.4859230709620963
-3.290542695195254
-1.3636917450984747
0.8648974326840548
-3.099691295484289
3.3038814494940296
3.421356678329378
2.1516754925243364
-1.9449662138913628
-2.7178406091470793
-0.22613354075850944
-7.638515134506437
4.539640117833828
0.32465258163583677
5.959943397136708
-0.03821803461154971
1.6399728913769405
-2.930065028806362
2.5345116268560863
2.5232876081511217
5.436593153164692
-0.8650872051918643
4.595291720190812
3.420589770047896
3.7627694666404983
3.171149687618685
-2.0218174082346465
5.313779297093506
3.090512576532495
-3.0183446206101703
5.215918644063791
-5.098689185293516
-6.0886965773401505
-1.5557516509299845
0.9389826682718467
1.1427173635153254
-2.539255524669878
-3.2174960238849093
-0.12026715345802685
3.4836151810611407
-1.2236671512143138
-5.239279164307256
5.88991578646378
2.0747142741139477
-5.456170469829312
5.516595138974518
1.0370470950240809
-5.897653341779205
1.4246553089715688
-3.081818036116499
4.887183554843707
5.424909727908627
1.4632469247042965
1.0851939444303123
-3.7186176573655407
0.8082803459839552
-0.04817541261184943
-0.5612966390981056
-2.0716856414727354
-3.389892454397531
-1.0878101977693286
-3.4430919330894976
5.860198018505612
0.2991096089643255
2.8705242291967425
-0.15927712968007768
1.7035846112035222
-0.5984815905482894
-7.554305527579228
-1.4001246172203907
3.919527613474258
-2.8220693346552195
2.037755805045042
0.3977305813359244
-3.2669647721623143
-1.2574870227332733
0.5861331202576192
2.427472136908013
4.162881341962049
4.624498497239638
2.4358658737513332
-1.3595868327199936
0.01616779371502375
-0.34363984721459256
1.774001143720967
0.9025743510355793
5.021856854953191
4.307897214271048
-1.4876013184777828
3.244452182650764
-2.4605057370949286
-0.9547248243577864
1.2268151280894442
-0.8476745085593714
1.2015764526304753
0.2762940700272374
-0.38814310576041766
-2.6229656704538495
-1.0410165694056648
0.037991867810425184
-4.515266018033638
11.115984295701757
-11.916016850260242
5.1012551146719884
4.281531594143989
0.1054672495981861
0.6584965170315267
-5.189196506659819
6.003487270675724
-0.18253879339240608
-4.726113576117334
-0.8446410844002279
-3.9541901877936425
2.457204604422539
-1.535128550137168
-2.2339918020669858
-4.482819394907638
1.8040289556934646
-4.532349629352581
5.8678171707165045
-1.5570272713590882
-6.008030220323747
0.1754086206966281
1.7039932605327726
-1.7427408616247337
7.700738156203673
-4.0067619815363384
-0.6074841519955614
1.2703145707237258
-5.920831791103027
0.7606551671402442
0.5650325799986602
-1.4679871372684654
4.844000849451222
-3.267908179999868
3.8172552174962586
2.5730707359367972
-2.3714673838159785
-1.523783038309423
-1.1477545368208952
-2.709667417934321
4.258109363968913
0.14022403558591923
5.664111034770525
-0.9299705416298922
0.9971780819114558
-0.2113473402593833
4.6353236090579815
-1.460482079827031
-2.602946749866436
2.9412789739298457
-1.6486178559391322
-1.9665884524751531
-6.8136761530251535
2.374989987353494
-1.5812412837779333
-2.279043165604226
0.5963174495441779
0.34614833910611553
3.5817815761130376
1.510259324450833
3.239680825276497
0.5511010907080851
3.149835337048609
-0.5126434584133444
-1.1378909421303902
-1.088123020583959
5.048650356968814
1.1475624046723725
3.500624986535181
-1.07931902453634
6.167794661073753
-2.6898781304544204
-6.302263896184082
4.6759250979133755
2.514871690225209
-2.2772063983889916
1.396455778242539
2.5781605282814333
-3.8161626114021
-4.023488034545474
0.7850988767465599
1.453887594908165
-0.5287730779196578
1.8247933074811298
4.160409593686527
-0.8205615002497804
-0.5756396892531181
4.024874775327658
-2.7453296057322216
7.181525688485699
-3.3547554290052277
-0.7572023561307217
3.2820450674867336
1.257749870572847
-0.9788444341322062
3.45277721797385
-0.6945256464777021
-3.5631246452488154
-1.072348940637664
4.502428637828848
-6.58134347209387
-7.754999092637994
-0.9383840227460336
5.156731141356266
-3.8528325636707703
1.845999531802199
-2.169449024855788
-1.6226955290838563
3.1514604035443083
5.269158853329948
-1.7143949384309185
0.146360775921055
4.686869709831507
-3.040047051966819
1.452225674555943
-0.4826031932704126
1.9343136929119633
-2.348788679494445
3.989971011777385
2.8400720884829216
-0.7320027236852367
-0.34398625394051524
-0.9393150645139199
3.020722379558505
0.5991733169458785
-0.7881549457763981
-1.1853256031097221
-2.4703580114286603
0.6615461259949322
-1.2765915318486742
1.523618439221912
2.204346500650803
-2.5841354129012277
1.0472126400734363
4.016363347882127
-0.9494534422294796
3.4742914927073607
4.803801230313201
-3.641762533044716
4.530776158111677
3.226111173807486
-5.656135737910162
-4.347909196579247
3.450089956586335
0.6102655485437833
3.9103702098544084
6.071245327434798
3.2629188297099354
-2.9550164867787427
6.35461213908048
2.773392810195804
-1.1996378159363725
0.35101239644829807
-0.058433996902159
7.5851143683346525
3.354665393011923
2.4405147665771985
3.91775767756835
6.678071276228945
-6.126055160201712
2.1188288835284994
-9.291708852196049
0.09426367627422771
-4.8342898276865505
2.61965184324593
-4.764489666325979
0.4368234740388891
2.3915927933638343
2.814045405001455
-6.034263049357429
0.8952821866071923
-7.636568433380527
-2.601173337640759
0.5236412435867042
2.6277868108194773
-1.5992396563154312
3.1372327623857164
-0.29767948542739386
12.13642670592044
3.38709505847163
4.68883162300857
-3.5821493642643296
3.195305975598036
6.97941445698249
0.48648915930573455
0.8849848225983843
1.7324405034496255
-0.5735032625687966
-0.4908439446602736
-0.7514456789697782
4.878424027100376
1.0626643403491949
-5.920569877967383
-3.8987777722952113
-0.961180728350014
1.6230537533222984
-7.633660693859327
-5.452399319764083
4.159249116410915
1.641622952365413
2.498569025261262
6.677050546381755
0.5873248651266882
0.6469853325295394
-0.433343925117737
-2.0181985320863842
1.7341540760976466
-1.7137848497778005
1.8116147460350358
-1.3430046440867587
-1.9266225393859537
-4.024868758434078
-0.7606501230210103
1.490336364530014
-5.183187320093592
7.851007304224934
2.0771095969901845
3.9870817562739536
0.8124999715871466
3.4011130698885323
-0.4348809055801892
-1.2601606323818595
0.9812808061825045
-6.4115483342773985
1.9522143295478056
7.061799041639361
0.9562005505459884
-1.141057030287492
-2.0612097616512193
-4.312325779117614
-0.7581155765331573
1.9747949179424067
1.6934142903442158
-4.669510181486537
4.526879608066408
-4.8448027942758225
6.625542457446323
2.4600909076072712
0.36713269912723767
-1.1458007747020218
-3.154530073569628
6.253885138905451
6.039911557523585
-2.106075304792998
4.112908307376756
-1.6753727434374532
6.222237135239469
0.5031019350378625
-6.850160973858081
3.2054356446057986
-2.473606611913828
4.008397521899417
3.161782640334216
-1.295195170934511
-3.9234699536402733
-2.294512406208452
2.3916501176994336
0.2979826066039153
1.601843979868507
3.304875766011165
-9.299030526280633
4.774470711442387
-5.258033318579111
-0.961155976278236
2.0064720209572107
4.720625418903059
2.621322749349598
2.8270074244923045
2.6129198044581776
-0.7701438992743412
6.522159036537062
1.228342634672536
-3.0800510468508198
-1.2228913104012804
4.13167452833335
2.3421988362515966
-0.06996763316070681
8.476759102349293
-6.737112671123727
-3.133827711048257
0.308814702761234
1.0807367286758873
2.7507771617584376
2.3388755855903467
5.726361426377949
1.599971902064763
3.7640285397904094
4.969115853853653
-5.349791477200094
-0.7936387037899615
2.593667014190728
2.181033939901349
2.1632551942715703
0.8142667313674303
2.5836747209716338
-3.884806787416693
-0.5067680943974029
-2.364228710274337
-1.5463045222117588
4.3904823411096014
1.9919301141051675
-0.3452103811908666
-0.2265120605060753
4.769676749737364
-1.0764491042285047
-0.5414993665304986
3.35966032253713
0.0888407515549463
-4.451306072311977
5.9869782254528126
2.771763049545106
4.259922292122275
1.4854238375812996
-0.46151422444615076
-1.4361014508753116
-1.7689162441756294
-2.837916654137949
0.6720842195859698
-0.013083544544944203
-1.2064497228247482
4.185651644272911
4.118117711109841
4.051140115337303
-2.6738624993546303
-0.1565630955034445
7.9136943969352185
1.2553948492075235
0.260177413812837
0.22430826702468476
7.221975896835765
4.707730890351358
-1.8319793095112678
-2.9319782637053264
-3.4165989548098183
-6.265827710360485
0.1955271907945857
7.627244977163154
-3.339553208260258
-3.7704900885458534
0.20875177065720063
-3.759997530297981
0.8007296382673621
3.259210860835627
-1.7786954658718344
3.2315249360863785
-5.620365822457243
1.1431882085812233
-3.142369896792672
1.4060361659073193
5.550996400877083
-6.1439374078479645
3.5876064072475646
-3.289691619880276
4.3395459155601515
-5.619475399334891
2.8183256336115865
0.6809090284443788
3.6182822101913805
0.22777902340676096
-1.187973399963222
3.1058231832708008
-1.41462436794047
4.246689939539393
-1.853180800674212
5.961814745995561
-4.920111502872109
4.549900629874452
-1.8300893158856302
3.197822277337765
0.3624358283890978
2.335361391576914
1.2511661683009678
6.166367409664074
3.658198415282656
-1.6556528376441868
-3.6043512045042867
-1.907941388528061
-8.901374647953968
3.5116665676510044
4.807039240149383
4.63580398803036
-1.9312203106652928
-7.1666244970352295
0.8983441691172596
3.5571447856318
-2.775404266674597
0.1628986973972184
1.9430594821566203
-3.846683541454456
-7.483726924691539
5.316612649987028
0.9038793386275732
-3.5687231829700226
2.3328292050869903
-0.6206827247356639
-2.159714521836168
-2.2917043648015927
-4.412135460770663
-4.791707872020686
-6.020615875479987
7.018239765321037
-1.4203399314912022
0.5037668960913759
3.6921082734235986
-0.495113517092787
-0.3433474911306492
-2.9917675064059512
2.5863443722897164
0.302822172915564
-2.6908159509597147
-4.5689613347010924
-1.3734246558119205
5.657172531987048
-5.600038884094225
1.460357333918481
6.012979899976514
-2.9101266391361813
-1.8884767741921487
0.33107769187120684
1.4212648904172789
1.32153116189451
0.18778264545162937
-2.6744857609466557
1.9494611549455017
5.156683153247281
-0.7165068374337284
1.0699352656980226
-1.1157215559834128
1.039090000833178
-0.4839713773015202
-0.24375738019856663
-0.8965243211168485
-1.0894133914350528
3.4246868901645806
1.3846141834943813
2.3225421325086755
3.650252597295888
4.3236354143658495
0.4625535049765046
-2.494019040941035
-2.1709843443820183
-1.8563583186986408
2.1180155339203877
-1.2794698246442597
3.517125257897203
-1.292199365486424
0.6673430327408534
-1.1000585117568744
-2.4121095686892517
1.4797025033573303
-2.2048994567491285
-2.878673937330105
1.4468365546578874
-1.7030652808674107
-1.005359103692573
1.5113622481273472
-0.6797784478812966
0.7536262627928938
-0.7816512356465417
5.640700027877337
0.35919921434531044
1.7556065972170538
0.34784653057700676
2.5378225516906583
-0.5145003456405481
0.21161302741958432
-0.7279711246443119
3.7178478892307956
1.226644083361599
-1.0253718790530755
-0.6435348661060907
1.8362198032067432
-0.1441316333818412
-2.685372984136424
5.0683044098430745
0.9594643103297151
-3.3414967314261865
-7.888878892471534
-2.931740482183637
5.914069866974376
1.9665581145056308
1.2108202153796102
2.5130616350807036
0.3227345801111854
1.3973038967630278
-3.2286924626414315
-0.69921269879283
4.502542698995844
-1.7505840380170965
-2.476571391517295
8.612667762356741
-0.27285526023416584
9.096376845491115
-0.8554558021445166
3.717776797644932
-1.8226209389246768
3.9786803798514336
1.4727780897589673
-1.4906206631026429
-2.706765874965428
-1.4906271357536118
6.67728428716844
-0.744909034251414
-5.363606047917443
1.6607891460449804
-5.303108890934978
0.8938588686585893
-0.01273785494460511
2.773502342396197
-4.180713266950109
2.5908425155248
2.849666896373985
4.837027462383228
5.057412437196941
4.984236862749528
-2.2565822735718646
3.4990657290697476
-0.3021729890807152
2.3984928257177174
6.697997250191657
2.28850593291046
-0.9413459042550955
-6.6471461821503315
0.7014568596373809
-0.904350643785929
-3.456962137564566
6.108216785129372
1.6537757609028378
-0.7620676647876246
-0.4993764101777085
-6.571906888232427
-1.0595902315921957
3.4957385880752794
-1.2482507318262615
5.765723584274745
-4.497797066212673
0.8591416841055346
-4.22606805826786
0.2646463716608811
-5.946046254894073
-1.066968012181003
0.16401135465784566
1.3573495772663076
3.3098049060985995
-1.6110836145648613
-3.4105509930987066
6.48638891572891
1.5498790517794512
1.4475889932373533
-2.761160054869597
-1.091108865192449
-4.132853250952808
4.190678578878109
-4.03507830463061
-8.720018599366144
3.439021477137728
-3.8918087368310323
0.04722689293778615
7.517197317372798
-3.007267273513621
-3.6113340766743134
1.8570417565753412
3.853031013413344
-2.256336841106666
0.29019026269938314
1.0260270800113673
-4.421822930370785
2.9215408403122947
2.775658748575103
5.2045151239163845
-5.2081817727279915
1.425701629315018
-5.815322646962686
-3.3766482210250683
0.8056328335460972
-0.02647206150059045
-4.033805816375431
-0.16879157305806292
-4.384954159861088
-1.2579826301110795
8.049904974773503
-2.80407335515656
2.0364872812479105
-6.055272375014461
-8.572392474865163
6.10739967240868
2.419303411396621
4.931339949041355
0.8567786117593803
0.48781748846643325
-1.4221922248736858
3.5198903014801473
-1.8626377618880638
-2.062129208165979
-3.3267316186267792
0.7284670088922309
5.816390456714191
3.744040182503235
4.409170309309212
1.893894891779562
1.0579979003707969
-1.1886838805717637
-1.5782715413388395
1.0495707578453413
-9.962491785839717
1.1612961390047598
1.4336003171828544
5.143319006308703
4.016776941374408
0.8077835392362995
1.4740867400566247
-1.4616181397197747
-1.0683950235788189
3.679189247935689
4.834715650406135
0.21449373470279243
1.3740874257775706
-0.30202533040600277
5.554870356039694
5.189780184588611
0.5395454182180025
5.489835376358473
-5.614969985241608
0.0786042344882989
5.113752990070911
6.8090708956706525
0.7692299688092952
-4.051048040107804
1.5235189371554199
1.2903319509587017
6.297872644102164
1.7219868625877837
-3.4059441170973646
0.3745582559178642
-7.045959920324036
1.361232448013846
-4.310455461951025
3.671471544031238
-0.4314331325460201
-8.480173710183422
0.6957791038884502
-2.8372904114618414
-1.2546461107766063
-1.090525938659134
-0.7657635919136465
7.435353485359908
0.9479237654232615
-2.8731463247377995
3.1346579192960666
-0.027526523774860423
5.666412585294465
-2.538135201197133
3.319224397516481
-3.9987040410515116
-9.745320777936438
-0.009670038125342506
-5.83673344865244
-2.6503081100756836
-0.018222241368812675
-1.0939509329709738
-3.694299833277518
2.59698785699486
4.178990527994617
2.9091600407289153
1.8290087252700484
0.8811508487619939
4.703132895147792
-7.2091610651137605
-0.8088512207148035
-0.16829603193811404
-1.8186032020747276
0.25179106363469916
5.891240301116789
-0.66130559742628
-0.8977447118797628
0.3112598186095126
-0.41872767055039806
-2.464674466962278
-0.5292306401077271
-5.465914642307769
1.2684357441188083
-4.844948032472084
-7.389980183118043
-3.413183029233561
3.886589291768436
-2.6865026225082316
6.696824602497195
2.062709761732118
6.144498233182189
-1.0733322340715068
3.499673042063906
-1.3459636785346731
-1.7277224683257986
-0.9277601654068637
-4.4984067187383
-1.1349421497147556
0.6518338920109702
-2.6188499919979034
-3.5225773918436785
-7.473926984602017
9.107084231282204
0.3091870263789731
-4.265356433773746
-1.4623289534887065
-1.1402409814765742
-0.845562423746212
-0.5324208669524548
0.023003477969818054
-6.138221657931841
-2.5993149618564573
6.2555059680788645
1.9515400280195827
-3.4269781055034105
-3.266199691716186
-0.4618810805387704
-0.6632592569816378
-0.3222784521502282
0.15798939012272695
2.4258683370748058
-2.516804353489741
1.809750785613582
-5.186327305950604
-0.5018513102204571
1.2544661863757056
4.376920500888791
-1.0246326313349092
5.318403917063423
-4.544675225955531
3.862685818873441
5.019059846519167
5.039265368575666
-0.6091798971123258
-0.6798891140944693
0.7605742779843472
-2.180099323233768
4.309615458721257
5.554095269455102
-1.6510037161364501
-1.4683092808110125
-3.273380111697408
-4.270451969655118
1.8754969699848445
-2.649000746054382
3.257460180565146
-1.6171636616583998
-0.7787127807748035
5.955256812676103
2.2717998486633117
-2.19397945167772
4.481869724105979
-2.1362222086315477
-4.118450731610523
1.2889055645083272
-3.527458171555532
3.823959306443265
1.979253908552447
0.834163777308846
3.0612663177318433
2.9447641434889658
3.279954360889027
-4.842179911166641
-1.5973368983812284
2.3626526109233934
-1.7585703837903262
0.8486355865160623
-3.0709544400194044
1.49260922293031
-1.485504679256319
-2.602828378200422
3.0282919660995815
8.218213386244411
1.6137187103539286
-3.507747903568091
-3.36169475752561
1.1953755177809193
1.9685620081872355
-3.523662206002765
-2.0513925121501204
0.9615568677799471
-2.801625959737173
1.2501641955870115
-0.5610962396453809
-2.6738019329912683
-0.8634121846507634
-0.5538461125139891
2.7455310037627187
0.9000262423640362
1.398995114131338
1.4795460223284271
5.2918892927001515
1.424427923802456
-5.898782415966908
1.1895528322342375
5.981961700183792
4.864256223120867
-0.7639739134774548
0.54209322752483
0.27126963707047835
4.904871624160601
2.733591654616065
-3.297577113611079
-4.763910001924968
5.680516218722044
2.38041194771818
2.339091066739876
-4.990651785357759
-0.3771180353405701
-2.464861010538644
-1.7202248485742446
-3.866175909579044
3.723711631228818
-3.7899710692823563
7.688869306271253
4.967040228251198
2.4295046695653904
2.0356090513206118
-4.217720801417044
5.821542578331105
-6.567818372195029
3.783430595230394
1.0876969300810442
1.9213875236205875
4.389997640705165
0.26066817211467064
0.15856912901332632
-6.252164926531124
2.179711886876557
-2.416184685930678
1.5466356499302154
1.1758268521755544
3.8425207075868477
0.693553827452277
-0.4620694110799163
9.503853002500236
-4.750293783012651
0.6551025268277888
-2.5487405160944476
-2.518862521934187
-5.644886446490894
0.5940810437031563
3.782010186643999
-4.3946228424500005
1.1582888063223418
0.06131777896267665
2.550665125257092
3.879472694097429
0.5260421158783313
-0.7845655649979228
-9.746939821313218
2.1499822956064736
-2.9278028986696896
3.340752372072646
0.4972990724930577
6.157235477407138
-3.6673701629992066
-3.2967699878904164
1.534155616438362
0.6603111868818416
-0.607316906914172
1.0202143815399776
4.69295501101979
-0.23049662414365404
-0.8751300062120149
-2.5115097433141855
0.022542573819176237
-0.003011446836818754
1.4450587762048128
-0.7428419468304752
1.3274803186254773
3.70619018645509
-1.1649859322402105
3.293886036875856
0.30227012935070463
5.87517348629647
1.1938509369736336
-2.7888665964569848
4.22959735980818
3.0823114704503642
-2.7301562847921126
-7.594750807002526
3.7513568531588994
-4.8857984608853045
-6.653968370295962
5.787510466284769
-0.6796714460531361
1.493649297799245
1.7615015891172896
0.4364292277064503
4.738573460521907
7.314025334724926
2.651304530757994
8.340725642693364
-2.42118382799396
4.424082024066354
2.0458353868654893
2.2436147228961985
1.2705988089423343
-1.6257507094278916
-3.4741248977678105
0.7910966837809615
-0.7774418624062163
-7.043889156252892
0.25647651777240243
-2.617727634637771
-4.27965291407534
0.2025054245208311
0.5728022389115621
0.1635740688088978
2.772468069382486
5.861268556894021
0.5693561976520858
-2.337649734714006
-1.5792351823469573
8.46357872302242
1.8637394152177915
-0.043908933476919154
-0.7739256331733815
-2.126096856423201
1.4683336368010993
4.62318341770687
3.0869765986374027
-1.22856956441857
1.1165380497389696
2.0064230678037376
-7.065432556869371
-4.206086859563644
-0.7152781316814347
2.400136238681037
-0.6080656059815901
-4.12772666286212
1.9482567987391377
-0.07036433793031972
-4.372408160599273
-0.3395367090423145
0.8218640741238756
-3.1146042128576563
-4.250406658256131
1.9590683740405432
-0.2961863495852617
-1.2734700523257203
3.8999661090965696
2.1842670630133196
-1.9044294184539337
0.6046231986752746
-2.7866064425326407
-6.263098744948553
-5.128772832215229
6.107215728721304
-0.4007804666820496
2.7618427523416935
1.9333502873582415
4.1678223957404175
-5.172133909094725
-0.9681557291951206
4.364654422007845
-7.17013687323099
1.6947454985800579
-0.40916288006036083
5.696854075624282
-3.7663084042165056
0.924590322532169
-1.2593284995595033
-0.4272494255933763
-1.3033311067253477
-1.6089021369299026
-2.59329323030064
-3.897240085193009
2.2629154325819316
1.8472462813081751
3.4411378954501637
-1.1575304971920026
-3.0381193881838096
4.202372793562671
-4.174146582083473
0.04642904252663771
2.9843464716553334
7.062853334158585
1.6927682745016408
-3.240339624320737
0.5109747544733665
-0.08651360652500983
0.3486279512188819
3.289456133039538
-0.06345789435945826
-5.665281112482091
-5.792930568276742
-1.6559971139536795
0.13265714765988346
-0.9400320050514999
-3.7281746775955424
2.885576948822496
-1.3245797252292089
1.353088077053929
5.654295094907825
-0.2668572599249285
3.0023305061575143
-1.6603702019329027
6.16747708065885
2.298273128263306
1.764068850286769
-4.533075720857347
-0.7638509541549778
0.8076624196239948
-0.4303768000695454
-4.684220202977507
-3.1637318023888312
1.287552143105568
6.237055820467266
-3.3640484927439593
0.13650652025238585
-2.796163165521324
4.2486737642808485
-0.832909257211226
8.602148151280009
-5.216012078053313
-0.10878138254838654
1.1147013525043936
0.592055935413652
-2.219199813666302
2.137453341185375
4.062104382683353
0.44762747935161196
1.3163270207230928
-4.195403943169054
1.9511064731593297
-2.995832419429406
-5.828914002964605
5.415348420797915
2.9731817692255618
1.1125264807725792
0.06478164750728066
-5.009599344925576
-1.9867787315132157
3.4666051908609985
-1.1588343083286383
1.2238030529056716
-0.07488846759681356
3.7898752903624646
-2.890570892465096
4.402407325642102
-0.7909191299550198
-1.3813062742071422
-1.518023219313334
3.5691995124266693
-5.986564441137478
0.35781989510918044
-1.3151980183091583
0.9193579724948154
4.894328360485982
-3.5760262591249834
-7.728635524462374
5.434847534368349
-1.3390583620177825
1.4096132393560756
3.0321133209535462
5.771809772251597
-1.4820572131407161
-1.4334586221132124
5.440899270949705
4.5323290879239355
1.152062686819412
-2.5759007326746817
-4.458540799417665
1.7650006698949068
-4.48188075155588
-5.576173424613621
-2.7358415926375823
-0.23116308792211482
-6.941472366368646
3.2041168629423527
-0.615922793393787
0.7002352810748013
-0.4023454377672183
-1.770020590221957
1.1640784848374488
6.4876797499092405
1.2315288523057584
2.343012045738628
-3.604114366211511
7.240585516585598
2.454293805568284
1.8858610524178525
2.652846123335092
2.2058545872254283
-6.344975586501909
0.12227372626472088
-5.871275949902454
3.261130207225505
4.067895741061807
-3.1740048043950804
-0.18210582747565585
-3.209625461470117
-1.6474764736604544
-0.8205221354595856
1.2943095122130186
0.018024429713075385
0.8011722831259096
-2.829172959318283
2.2259408622256878
-5.677372531989578
6.769778911472682
7.282681543413854
0.7891767083195876
3.94867708409698
-0.12546757312171664
0.4234508231344813
1.2240407643363465
-1.8522042711789868
6.276224365650969
0.10693841850108554
-0.9317223705088843
-3.7797433379102587
-1.1977157733152026
3.3074211054028146
5.087422241239867
-2.374334564252825
-0.004603450984095758
0.4261507597956262
-4.832373866446604
-1.1113818576174743
2.436657362643113
3.590067203845277
-1.4871759584259978
-0.8401679491127602
0.11760883536634872
-4.354772295647197
6.2946598748478335
2.0027884452365825
-3.9399993391503463
-2.2144755426435516
-5.147854958475877
-4.314212368445969
-6.638104122418172
-0.14715726493037495
-4.290255551149279
-6.343700217109582
-2.2118924391303008
1.7802784627734463
5.761816178177504
-1.391582751034447
-4.5896336618631555
0.9567850098498472
5.981131977760254
-2.2499225989816436
-2.6346043526618006
7.575008047738228
-4.633083154563812
6.2003759899338355
0.22028801157055522
-1.0206957416537366
2.28130538961995
2.4081700700772304
-3.2154576636061387
-4.128433361574477
1.7515890737649615
5.90988888015388
3.6986462208273556
4.928480566952373
0.7283605132928956
3.9585490532636056
0.9835890486464729
0.7349695526933308
-0.297370723907048
6.614017141877003
-4.016448072734297
-3.040361692847452
0.9718917670696956
-3.949239517563867
-0.7620785101807555
-0.4360386674427204
-3.3039233849798197
-5.691327658986863
2.382459600694527
0.32385196955534545
0.36167073408117917
4.105482404657895
-4.872203027644058
-4.843584843880114
1.2276501616888251
2.7816230561370925
0.026530948184751324
2.9565901674115227
2.824900017054015
4.348582546675792
1.2568909771487105
-0.6166437891643005
-0.4549651656898577
4.151043113039992
2.2118716836036807
-0.024171886856530378
0.8487309461942942
-3.6246693777345254
-0.6318039108928479
-0.5850655445070612
1.3061359371779901
-1.3029566877323153
3.3059665475286746
-3.2253881617127576
3.9861543492171485
3.9798596261461636
4.2482722874865715
-0.8406545291062217
-3.1759207352130248
4.145102441476654
-2.4653520113289513
6.0030770274779295
1.0779388066520124
-2.219366783349185
0.08791815051050333
3.552029806195607
1.7101899481811416
7.36978603129897
0.8921897384247597
-3.9639764557658537
6.232196855901837
-3.2935599967420166
4.664655618922719
-7.134392028615213
8.185527051075313
0.05881592492361154
1.257455098987839
1.4462135122002782
5.573832644574772
-2.852379016229627
1.9514982056110277
1.3962990582068042
-4.118280239065628
8.086138073916754
2.130007035635994
-2.710325246711019
1.2816809138035712
-2.1938783785056972
-6.846262636609762
6.1586796223129765
-0.18383494415624324
-2.4903855740832386
1.8689221410398145
1.2270806942165424
4.831587168260684
-1.9494867255465866
0.44314787697861635
-4.4990559915536075
0.4865850786788737
7.68158188802402
2.780448368949003
-4.257392540827961
1.3609011194313525
-9.642018220291583
9.171420885025414
7.1838355541647
-1.943818514564903
6.517719683329231
1.3854260584318754
2.0724511038762614
1.005278768862338
0.25922330107175995
-5.375388736025255
-4.8713729042298315
2.1729350572979693
-8.989647470386572
2.7536579015418825
-4.719855340609522
1.6471772116827972
-4.052068129658759
0.4842133903381973
-5.8921098435125545
-1.2448690316831843
-6.330288119866019
4.57901483896677
-6.198335087934398
-0.3044692086909728
-4.263377038394369
-1.8749053870141204
-9.599729683487572
-2.9968907513257657
-4.577138902167455
0.31204662373238734
-1.2178686526201532
-0.7902790265862762
1.2718225504505352
3.2871022490567503
5.548517642951154
-6.02801362913892
-3.261093220917731
-1.1585647882957102
-3.355234418825949
-1.8287701629355437
1.246143417798308
-3.6049102636443306
-5.277548407681626
2.53911253165767
-1.3853316024670883
-1.4434170727390767
-0.2041106762070075
-2.2235911279662166
4.3821849092098555
6.048624437035221
-4.778404015505577
5.119427356195486
-3.385462580275755
-1.3241812265098178
0.5894766724291101
6.231146380228624
3.803490716553203
0.2891337940733074
-2.2160064026377837
0.4524980955705292
-9.266795827371208
8.39686321255575
5.165806626829062
-3.8875131287917393
0.7915970008098752
-5.296793967831931
2.45435926726093
-1.6022972798098283
1.8326278530433115
-1.3232222904360427
-2.537571555283948
2.066908563348849
0.3261493615999005
-3.4558280510874333
-6.90945679732037
1.6921186509411528
7.701092140682295
2.019237190255878
-2.7571431117533125
0.02314947251608801
-3.3441396066021856
4.990854647307251
3.6734912153103654
0.21622156132408543
-1.9314085318160075
0.30579832452771827
7.713652035906615
1.5541776674517265
4.959827338805115
4.039427578246762
-4.818858366430335
6.053177922850272
0.36358804750153073
-7.988912633363308
5.958270716666875
3.173972200605198
4.195432684392042
-3.20976563792779
3.398455546387386
1.8745201955592883
-6.691815228039889
-1.4243331020094658
1.218525839795305
2.745149210383311
-0.6356584894238819
-4.179236206582861
-6.118194023914141
0.45306825152828534
-6.847146939448171
-0.36232780650941643
-5.173616172405034
0.14971559672251455
0.8571492156959439
-4.046539486922524
-3.997127742544408
0.8748663416319288
3.359892178021302
0.7283519692945282
2.5169638537582264
-1.1738137435316731
7.012614549157273
3.2500086844081775
3.1448894575779094
-6.507827104315842
-3.2000112993398098
2.795540712147259
0.36873221475216905
-2.395820869294498
2.2690338345200187
1.4841404582179916
-6.4365138843563985
1.8379548606050529
-1.7515836299710523
5.776926516541128
-2.428833485218556
-1.1262898161785675
5.008129683432163
0.3310967109988585
2.7043172115023104
-4.102623825317192
2.1310997347445255
4.4203591608515325
2.7084667312073774
2.145907212388003
3.4721835907538137
0.08211185822386025
-3.309510573585925
-2.791342387272515
-1.9168214378424455
-0.5969288805645361
-3.0924825761130443
1.3168672960740815
-5.262143912612002
1.239192886920959
-4.778143030710195
-3.378384769163584
-0.3959990788770449
-0.20451320344676416
-2.411467042822755
-0.16729501703509708
-8.570287139812626
-0.7497457034529003
-1.2218228484613516
-1.3910589015030725
0.09541719463141085
-1.487134632127856
5.878525421988973
4.673476845069596
-6.831727826480556
-2.533820508425651
1.2472234399481128
1.4913848801216956
5.990196722486155
-2.257100512784024
2.120904315669718
7.536669278969793
4.713030139748587
-0.9162650947507782
4.676212070874411
6.144916918714753
-7.569606500505141
-1.9352123538390047
4.480205709325968
2.1176294471595702
-1.6208322312784942
-3.9938065948253043
-4.193923847901899
2.9918081698725723
-1.076682736182513
2.5965999809439397
3.090357746830021
0.7303955934830828
2.018376474385611
1.2633486696282743
2.8158860668222756
-1.159430896326639
-1.1664270892085724
5.5377833360117
-0.40303168464760475
-1.9409292160988523
4.275214133152792
-5.243176309997801
-1.5872216210359855
-0.11218319422490841
-2.068089521049105
-3.0614859933142893
1.7771022913055825
-0.2533859347888807
1.0559626715283037
-4.059171798330254
0.8864446385600286
-0.6454916226242844
-3.886833483545402
1.1778066430792635
4.218791132856248
-0.6583203908020386
10.382091416196918
-1.0729660566972092
3.454857546788716
-6.725937789545857
-1.7684194850665367
2.205086139333728
5.721859799243161
3.6351359463404878
4.885829817706851
-0.16486290672885984
1.8025726815109797
1.7527659967236195
-0.11377979455437726
0.9789431809978066
-1.0846972557826453
-8.146336196715431
0.5014587736552094
2.2495983710789798
-4.047618342316435
-2.073583646396389
-0.2837198406787622
-0.6229254028544648
-1.5013982429144654
4.046777647810731
-4.898282803662335
-3.290870991607102
-3.0089984538155203
-5.222623061143917
5.948982461556814
3.5173308376551033
0.313227746485361
-2.228505017044556
-2.6680328502765622
0.07319018053535675
-4.20702471615675
0.03484153465909545
-0.03275645188237075
4.295890622073496
-0.28364279300352324
0.0236720988566812
1.622334644285424
3.402903887079107
-2.1229172247447226
-6.058759158939724
3.1387651051870273
-1.0166300353640272
-4.445564334707409
-6.307219916192213
0.16900076726589863
-4.832557158443059
-0.339567134211582
-4.887864777636666
-4.021743239799842
2.161893577485789
2.5630237746334616
-5.592218041445624
2.3384715002813814
-2.4901926897057405
0.31181051431536133
2.1747815692292276
3.0608279064599286
0.8423582360997637
6.036180254023135
-6.761440385933229
3.663335808610457
1.2804665585350208
2.7640003128296042
-0.2239211708142037
1.2108456201194446
-2.61087168538618
2.924342092844527
-3.8236847885881597
1.439137902265215
1.260083531358808
-0.43054373118049893
-8.025447399210577
0.8777213825232673
-1.096276270586277
-3.8706835988634145
3.3253860488191402
2.7855128046552395
3.70559754494937
1.9383743054608988
-1.555226587566425
-6.582426187916131
-3.526035655254284
2.74468164538826
-4.705443466947695
-2.5661617816161977
7.759045073500515
-1.1726173538383178
-0.39879488837386656
5.3691798339355365
-2.8925078921842102
7.906544670958773
3.566712540228459
-5.359816666306447
5.084471327392567
-5.620421856552538
-0.023537975296245905
2.051953731421956
1.973230033497809
-1.8562813705333037
-0.27853057497421974
4.897437598444849
2.6923298893376346
-2.1247792655684448
-2.48959816879859
-0.025383927938417816
-2.2268812332733257
-5.1661456527536185
1.726507033542386
-1.0935225263565664
2.447731993218367
6.0111983325372265
-2.7223857958994078
-2.298748973451324
3.693520421648844
1.0439933216950419
2.9291987466908997
0.6596114157867718
-2.399834054549368
0.4802410059421228
1.9374870149623353
1.0852100346991227
7.522384593083905
-2.0844750871309317
-0.7483468819758747
1.4424588333571853
3.618681412145195
5.129953735951515
0.8524175457336725
0.46592308176661046
3.548505773700956
-4.730568208500552
0.6306520471787456
3.1290073386634525
-2.5766015434235676
-7.597888060677387
1.5348839512188226
-6.582778449438834
-1.0322630996928828
-3.806879448060516
0.3737963848211523
-4.18715154942784
-5.446375392749609
5.541645964787283
2.096432826994991
2.122516243250011
-2.3990938300298184
2.8324122050071825
6.772217042264559
6.582595481378506
-2.8149641884416465
3.2091252834146307
2.9646676950744
3.689625573324563
-0.9704112010050718
5.381392366138906
1.7451333703017293
-5.981141422185543
-3.2672662413224804
-3.4584451286756597
0.9332297721198738
1.5467976512263357
3.125042080198109
0.05729024758614831
-0.5381932225502402
3.382267027949498
2.7537732639583696
5.869371816843255
-3.453905098890236
-0.6754549465195527
1.0171823767860033
-3.3964266453625056
-2.679970046506448
-0.553699114633865
0.93871646048724
-2.3434207999895884
2.632154131163127
-1.2964855106815398
3.822942100589415
1.8234096559229716
-3.2239738780846356
2.638559085446185
2.9275594572581047
-1.7673723586520214
4.525510246557269
4.765698310283707
-6.117533577055318
3.0122323261387924
0.6189130366327444
1.25048899166676
0.003071604443735776
-0.07006025272936389
1.046821655995514
-2.6870701234062917
-3.345505116504632
1.5354866504807771
-1.9027708253232278
3.058789236369744
2.4592524152514605
1.1070142237360703
5.2508839928124775
-1.2211999848084842
3.332553485462038
-0.7263864488379588
-2.5618903033215603
-2.948765541543766
4.220380115748887
-1.6733499580934508
2.7467750815965473
-7.744638476995801
5.864530689903186
2.359736828599494
1.4960875153397106
0.481768847714104
0.7239947146886605
-1.3544847136214584
3.5138618646897934
2.7068648552105667
5.66117498681759
-1.7424160866452159
4.1615106039204965
-1.3332543617953672
0.004606490956060805
-0.2446037959448526
9.362272161112811
-0.8173753596539676
5.631061403660683
-5.422484881745541
0.881812967105261
7.0565262026402875
6.179492298235321
2.0338688950928185
2.5000136330400844
-1.5154592283640311
-6.297982736509652
5.119227148610875
-0.36684486377298287
-3.3594303340536693
-4.10691450104324
-0.8198685628096674
-4.118100327889222
-2.090898922011476
2.4035060300488897
-0.9430880887061881
0.25724258411334666
0.9381886082173008
-1.9768193146764501
-2.093023715958223
3.3111377475448456
-7.145705289597199
2.7168806416126423
0.8461357542560382
-1.4845801439084387
-3.22868252434447
0.73455020159534
6.139803289256907
2.8212913668003035
-0.6880556576131712
-1.7652792102371984
-1.0218925700269135
-8.818545843427929
-0.27431534831050186
4.4104060675333
-2.0287934085778123
0.8095112363350112
-1.0685877747026828
-2.5389327465792966
1.9126789644766047
2.635109581557243
1.2486076173233038
-2.8765410927347945
-0.19897645078587267
3.4264234477444693
-10.014902579149723
-1.8952047484892225
-2.8782332665213826
-1.8094154184649698
2.1108622958751235
-2.729206046764519
3.812990706044536
-4.870638158467672
-2.5705563201290773
5.853171272643287
0.6452892329308222
6.54751657609028
-4.6181886111364125
4.164120441352756
3.788160825371259
1.7079830927356459
2.2840230569718556
-7.261874882896075
-3.5912205052834945
-1.0613224433349973
0.823832827300677
1.8350183835610778
0.5362111987925564
4.774466605347845
0.2052566617836784
-3.395698682290062
-1.3424368996150804
-1.4651344538123465
-0.6729172245622006
3.534987897623746
3.584903530059068
4.8724310605915075
1.8700421118451285
-5.567089526430233
0.6650113011054248
5.717858947699685
0.18602317541091407
-0.290050756786435
2.4439592522278883
-3.440279635439853
-3.706829926428898
2.7796521937437046
-1.833661369027821
-1.318200751181067
2.1665827720205364
5.447845190053217
-2.3534821156944137
-1.456443428880956
2.2314557499905128
3.0329517612402546
5.377752686155568
1.040713820463375
1.1054392563305493
-0.9444062960558548
0.81883816579845
-2.3377973073873832
2.127880978666294
-4.061142043776608
5.051594282683155
3.4300516656993794
-1.1165584041621948
1.6768748352108838
0.4950646938545784
-0.28560283795674024
4.395500869457422
1.7821273819232613
5.856701554691333
2.064616502084928
0.14745772533182544
-1.517880586971721
0.6891287465518605
5.934878888312109
0.11000272713355885
-2.7258175896093793
1.215579939950552
0.8325239142834961
-4.664577037679923
-0.4171479305979937
0.7918372269498142
0.9693190113753105
5.162471052779174
-0.2995376464176797
4.932875377350894
-0.4033018008174971
3.087630781601567
-2.888876286122731
-0.07313138483561943
-5.068169102586747
-1.642826979043733
2.281999359048471
-4.3267484260086295
0.5792086652783619
2.2818059797993424
1.1458393339835657
-2.1939162778243686
3.2690755521103587
4.4568282133611845
2.074498628187099
-0.1295463793142988
-2.655465461989831
-2.675208723226374
1.7635816687976278
-0.9499575786166515
0.021642452218501695
0.8975347056163441
-0.4097223073113335
-0.9186489044024001
1.6654580623103188
-4.615167745015411
7.751917145934447
10.389085751697326
-1.6223360492881866
2.269466186551196
1.262459328127564
-0.631805415952807
0.5859733903633719
0.14205362510994402
1.4034831378955213
1.783711276101426
-1.4849318807565381
-1.3971752141714986
-3.4993380761945
0.4089644896777055
-1.024114332953176
0.5855316203562748
-0.8490279329541893
2.883312669606462
-4.648166379231267
-2.3119925086466298
2.506297879564405
1.1286633417472736
3.889931367644783
6.9605111479689885
-0.2436165889923565
1.8953787646356473
2.6084981241433107
1.8494696088232008
-1.6764379536643113
0.4070697558999177
-2.9623565601097575
-5.759248839255995
2.526378509046707
3.51630291153572
-4.439671791786488
3.4214415056767424
-1.0670775620923427
1.3791623191738838
-2.2756894331560416
-1.2950512961580096
-1.3915424510502432
5.6892882462779815
1.3237138988303352
2.5847155089377853
3.556668552429576
3.6053776826543507
1.2139142987258023
-0.11986359804615265
-2.810108962798161
-2.9078524619354873
4.756962256152838
1.2121518143276049
0.016699494391497538
4.893320231572981
-1.3058392939922516
0.2786885322962768
-2.520738697863019
1.2434718452447813
1.4692991930299932
0.35541101508050366
-1.7907716300071537
-3.1201321794639387
1.7748609630103167
-7.308142047036907
2.894958097768794
1.5577750025506605
2.520023420794918
-3.6456305491821457
0.5740642862088667
2.6643916266182295
-12.17400076696562
3.1408974896583444
-2.540883961597883
-0.4850829941449586
2.53977687341371
0.27988056944180606
0.9120046653251872
-3.311714317735384
5.374468851386382
-0.600636746007635
-1.0061478233712458
-3.315034656372689
-2.6040418369979434
-1.8083711658189423
0.11287198466495774
-0.7464636179143862
-2.934452701101858
0.04472007954516233
8.175188273438131
-5.123666463498371
-3.4242103486621565
0.7859518786273858
3.1957302180906195
-1.1893575084042087
-4.583763636867316
-1.322590072913471
3.7958358101770484
1.0686108033400856
2.237138508843068
0.9467781479867385
4.110472416592424
-7.068063602613434
7.706174100947271
1.3895443523885038
-2.4789034587025016
2.463260984354412
-3.5245952080877063
0.4083286587146704
4.173745865527199
0.5746846088411433
8.232058202509453
0.05344702012682889
3.283964289718112
-5.013274313999422
3.7514451091610237
1.1199361287109237
0.9895177810661333
3.5726787456864226
-1.1041941345200046
-3.2307014503084446
1.4821782483120987
-1.819913331151683
-3.1181937642179847
-1.64772437867938
0.5654844661624855
-2.2014466157665145
-4.788520020674284
-2.16169866485963
2.829334228120224
2.301275388346756
0.8439701940937208
-3.86397995322475
-0.7615222906737455
4.661638772194031
-5.970741422687603
0.15050536488100075
-4.0706869570398805
-1.2825433793793217
-0.27258029974749487
-1.543157232641439
-7.7094806518327115
-4.197097152094825
-2.2168649478828346
3.455732763638039
-2.817591380013382
5.394330516405063
6.114244847380841
-1.62626989764015
1.5632536429960742
1.7789649239029774
2.5377938580665322
0.551456204993126
-5.560658372455029
-2.2377323064099928
4.09844109318607
-3.665773565426097
5.100204649276108
5.392717508788848
-5.964730578817085
3.4986571968205995
2.0337442724857
4.069973780662025
-3.9416297566863205
-0.8868141317652858
-2.6990837201039932
0.5846494826175626
-0.9180545866045051
6.46630420324879
5.266701153646164
2.282253836822754
-8.065927340080062
6.967019488496431
1.3048922512085017
-1.2628707044129879
0.24171970500116524
-2.327004623449979
2.987034416599446
-2.4777655961460887
0.6524013034787386
-5.485672043602467
-2.3558628089155045
-0.4975486423537836
6.8705603919211615
-0.1310173323150905
1.1183072181389062
0.1242324863773181
3.5251874960687606
2.7555144686333723
-0.44760669491362126
-2.3220670884018855
6.7632922281356915
-2.1595555222777314
-5.030571027688283
1.9987031659396628
-1.9114725872876592
-3.5033564402603727
1.4683242094465254
-4.291927829723949
-0.2057341131600583
8.754062947840533
-6.020021586334634
1.271150677003967
3.713092649387165
-3.7021088137415665
1.857918529227192
0.8425035162431973
-1.5933286234520725
-1.520018330585991
2.6630923005654727
-0.4935058188640493
0.21366732605142147
0.6747675533306823
6.076252500870375
-4.435105408974829
1.4425119038047205
-2.6559933405151535
-6.525892825558715
1.1539715474366306
0.9797861496207465
0.2973265514070391
1.7491788846729182
-4.054729639903304
4.657645999540705
-1.1665677065092888
1.5706339306221284
-6.173965453870252
-0.9447036937878313
2.192472950657991
-1.3850975500970737
-5.918140851551801
-2.5404290952097197
3.5715957358750514
1.2350361334294335
2.23118364660222
-0.2949687419216671
-0.9818389204454432
-1.8404525196682173
4.223670796908245
-3.4740069340146102
-0.9617016143116772
-7.2525413691239216
3.800500568291368
2.0916803554923207
-1.4172068647075855
2.664712713871404
4.055754439260581
-4.699087196940044
-0.21338947138422915
2.5875026573730624
-3.337007577949107
0.40505678740744155
3.0678410211292073
-1.6795361053851183
-4.6885038261994705
-0.3384141601902
4.981181224806306
-2.0964259686359936
2.0615080750629007
0.1540257318008893
-2.0718807373374437
4.402713389611285
1.7193060415315415
6.227057496274247
-2.8201906019581084
-3.3249271344164097
2.5988818302861314
-0.3251594727525873
0.898710242333577
1.1595414623145728
0.8182149335345088
4.7781256308239834
-3.3126617422147504
-1.6580100807362506
6.973066893390843
-1.1777289019223312
-3.7977508204722104
-1.4305773391630605
-3.7652097248586935
1.5145441003108977
1.6819313449844622
-3.980006538465247
-0.9322958834758246
-2.565244225422782
-4.059611540259501
0.0588762895459094
-3.8694279951379476
-1.0900418053125414
1.6343246125864241
3.051753358742584
2.2364561424382634
-4.510596733171843
1.8096783803823735
-2.3597827165060252
2.3644056257277706
-0.05660028237392378
-7.539603102332014
1.6077847981300726
-3.870513124516563
4.158425051482841
3.8182958127280684
-3.0983779465825765
-1.9193435640935645
-0.7771650891707949
-0.1882185309670552
-1.6368188064505331
-0.5293778176980943
6.72246553559163
-3.484689182110526
1.4884031084077558
4.796226506388175
-0.9010521807795606
0.7990414901767944
-0.6003001518446729
4.002666207103724
2.950162343094327
-0.5750727462923639
-3.3875852015178953
-1.6715409347233026
0.936328742236662
-1.01521149269516
-4.727680646229057
2.630904740890508
0.17425090585305647
1.2967050460148004
-2.2262169556769527
7.178049248074879
1.7529875371604737
1.248681119143864
-2.020755491373748
4.688925113991765
-1.5130709504189994
-2.7050069696940655
0.7460514160754037
0.24097867476075707
-4.529211488825471
-5.222218968998563
-2.5662830200657436
3.1947829057742134
2.775739816872746
6.206179710658752
-3.2558060397915156
0.5914911657742883
0.388068907849199
-2.2987585973377667
-0.8435409482007552
2.119356188060531
-1.0640098881500681
-1.9154265234906873
-0.5191109711872846
1.8646020231868743
-0.4586555778913044
0.9226003648168033
-2.81666436604144
-5.025002556441005
1.4281584343562632
2.8496365043454714
6.600576304187534
4.965245045087823
-4.207685100253952
0.4816447771621877
4.8366878193459355
-3.672676146940504
0.4094536889097793
3.253680057114633
-8.817952843962365
0.015517115047076313
-1.5221930913646355
3.3015320163187285
0.27765227930166225
1.2683836919897253
5.452325685759589
2.013465802794468
5.6801532714859775
2.8314466682584536
-2.8224190534071827
4.495331483185787
-3.959856248985111
-1.466337764603509
-0.7772765936713921
7.252092815472619
1.2372168508754333
-1.7152770223024048
-2.1912654797558577
-2.5838694828148445
-3.315709478047139
-0.9358815158838639
3.5799956789360174
0.28299063556153814
0.6678097234615432
0.3285157465474695
1.1819128929964478
-2.313106127622791
0.1949036282928015
1.2309766438562106
-2.295826876427351
2.643076176813378
5.6545662778497565
3.7340234069424927
2.715919847565642
1.7967287020343132
0.34067518527518736
4.2809963048407775
-0.71680167310093
3.0844931833547107
-3.7480031091815684
2.734805234156102
-2.3227989337549397
3.502637789745301
2.7375990418382155
-2.4727898838645697
9.181770862217231
2.241165551389207
-1.9452456679704566
0.8144491808837624
4.915303875519763
-3.656877492477077
-6.117640575662057
-2.036730343159986
-3.0773416914931593
-0.7867226381887512
0.7622103927576815
1.5515184014021557
0.6720780608399006
5.136761295766843
6.374909617589114
0.30516342376663175
3.1807985448896368
0.10395219414749057
2.330693775450024
1.954359113287154
1.7456536429005154
-0.4333412175257901
5.787628737352195
-1.7102942561265442
0.5144076588327593
-0.2152028622127502
1.9356972946188113
1.4961301477266618
1.6098408011755265
-0.8014819809290641
-1.2520462306555895
5.7923752677444345
3.361853943867332
0.7738192472677539
-0.5505001861783431
-1.9704218829218418
-6.944186060184622
4.420297373814083
5.4090261168616705
-1.7346660419445112
9.587492730853546
2.3204281042736143
2.7062967617888534
-2.8110165784485783
-8.28958391264328
0.03557567743661544
3.6733889455830098
-1.6866348923441927
2.0459004179335607
-0.3268851035360454
-2.048389144253793
-1.320525768892851
-0.04611322866653955
-3.8092323802814207
2.318370622244109
9.056165024142501
-5.295656341635179
-7.3513152232110635
-1.725660652105466
0.18340472166724062
-3.7531189163598686
4.597287771576589
8.996843396707856
4.620569745498984
2.1115425775377297
4.636418007918031
4.016760251077644
3.6898413724467107
7.364826231634774
4.131301816302921
0.4105578697636182
3.6210366869100326
2.123566924620592
4.2925511565068035
2.877366808643082
-1.4035544288384194
2.942145267739325
-2.6701126295459217
-5.9972552950398015
4.646434173409445
-4.872027634860075
-0.10229905054268573
-4.360326793936321
2.577590076889713
4.88148751006087
2.6882749538891213
3.3481300585770346
1.5637490042630446
-1.849438332339223
-0.8125813223167896
4.6600868366777775
-4.0239634028799305
-3.6461700495863356
-1.8713908372287005
0.3286328300184873
0.9960967976580699
0.2802237112875343
-3.4457447260731056
0.8935438398411115
2.285443253921436
0.4953593278202444
0.366758898628873
-1.7293182763794084
3.784080249447274
6.530555337949666
-2.8996251595569724
-2.1516113182193544
2.7149541792267216
1.0539245429859783
1.715585261608389
2.8207033208799634
3.7804886132079503
1.6670040564742141
-2.5285273333919775
1.9527185838139243
-0.3788161078460792
-4.242593467133021
2.9784815317056585
-3.8085009314074325
2.3583735949630853
-4.775079280852559
0.2982251615246331
2.9039454539666583
2.4971888409034007
-3.4062891771852453
-2.2498866041882293
1.8548829125511181
-0.11264278800829342
3.6297452800314596
8.18225534543651
3.505051473689555
-2.0729328020414144
-2.45753828417529
4.453148085125773
2.715392681317189
3.3444378962562746
-1.3582562165318581
8.445356162208215
1.533628682639125
-1.0290449885478075
1.2603481250328032
5.785869367112442
-4.2139407113818885
1.359147332344238
-8.655060940626539
2.967141524797049
0.5909838931457148
0.20118810629246586
6.705854961352115
2.8466790619625852
-1.2446742532621635
0.17770234749392477
-1.0989257827305559
1.2222783308897895
5.494497488080708
3.1467009698156416
1.072955199336322
-2.081698006524437
-5.273617583383793
5.655797094477238
1.2805131133116454
1.6481993925455114
3.8686983352331783
1.1990989216813954
-3.6795436972441253
4.764416051967435
-6.143515430490195
-7.255261837453701
-0.7134561156953207
3.1690207079161703
4.258066451996614
-1.3851266396406858
2.655018230420318
-7.457041175455529
-2.9349767338675665
4.377078883103121
-1.0898136322609786
2.341420635502926
1.8252167806095803
3.409511158598205
-2.134020328316815
-0.768536534419277
-2.834861251837427
0.8158416965379456
0.7212228841995152
7.359740360198115
3.5136045260733444
-2.5615528838815957
-4.706239795048581
-4.44043605008808
1.2055904392619807
-0.01328010906756405
1.4050509249940477
1.4051245500834586
-10.580913845624131
0.3306984537732272
-3.454196542678636
0.21155363144624773
2.067393783383509
1.3846038290293992
-1.1401952811030824
1.5153744260712905
-0.016201024686989918
3.2863284740894767
0.28969983611133454
2.7517608441303407
-0.8992665967460772
-6.312694926839843
-3.551352299544189
2.447938222164111
1.9412948000274106
-1.850137994670242
-3.6445891766060767
-3.8013152287671783
0.3272919400237071
3.7081644547796393
2.7404142696549374
-0.6293215792612963
1.2823303969434168
3.171292449747792
0.9394646978852579
4.540483254573017
-5.025636648477231
-1.8478411781625408
-3.3085203757411703
-2.0873873255928297
-0.47904084194356633
4.008942068481152
-6.053125905216014
4.698373366559523
-5.0356123611091235
-0.8524946677696407
-0.8180783721706446
3.7351164037839397
5.042239163677236
-1.1544965701245617
2.192661594923764
1.1106947113212036
-4.340799312034118
0.32504077366618844
3.4676293963666875
-2.5079516042859638
0.9735367001312751
2.3318258849478073
1.3999847082057841
5.980587932347974
-1.269468786416657
2.366143787402325
0.8223605613557103
2.1544728455211617
1.473561819666595
-3.920682752903666
-1.1695048150153533
1.744790544655753
-1.5402715656393493
2.563845315429913
3.2881702581824417
-0.5364847105806674
4.0303803029865035
-0.5692510094903864
-0.9149599316019739
1.5923620047549325
-0.5410817300996875
-2.9009703705174843
-1.540604526990246
7.026799389416876
-4.302474412195095
0.4589805545268901
2.2004681858414417
-1.2015490800833293
0.9851801173328512
-2.9067313065101055
1.143393667011042
7.007365894840743
-2.898378828462915
1.0193705051964121
2.96174295739572
-2.8002978103403895
-5.9037214156505495
4.760413987268658
-1.585221451241438
1.3658355796303625
-0.4634126777421186
1.4514660557746408
-3.899719514474048
5.108651398913847
-1.1818499230493402
2.8665683020320656
4.141093677341893
-1.930929722915572
10.2541247781704
-7.083730523197702
1.6055828824970768
4.134375244587131
-2.3944962696361127
1.8908883955700126
2.7645946583062
-3.1186984370306163
6.8714710309734945
-4.793019805776968
-11.428192639586669
-3.220382063965186
3.164884324619849
3.340033593030954
-3.8224755973610014
-2.4195296523857466
2.84194393124637
-1.8525281286865467
0.8793629218296921
3.5545486825170673
2.8437541242069493
-0.9959888965516481
4.699466178418475
5.609641187610942
-5.591430693962212
0.0863345966754483
3.938833993403028
-0.029786510871318672
-1.01845574780542
-0.26690096402539215
-3.801730050605493
4.310437190225052
1.4233027456220926
0.4697923314681354
2.0936886984023113
4.058507543510981
2.075730787634753
-1.3789291308384666
-0.5803690820546903
-1.5448047607512043
1.5823040770879055
-0.6139476768204128
1.9505346924814304
-2.8690461260154567
2.560280730556542
-1.8366914400087586
4.298946486441665
-0.04823278235429651
-5.57561572608328
3.2278134977191364
-0.5804768212405191
-1.595735387407208
2.9461064348766675
-3.349680984998723
-2.2579856278294534
6.346728669092278
0.32984259798825066
-0.30623306123799476
-8.987933055142056
1.1832362437287625
-0.6392464942998296
-6.862578779447258
-2.7901951717984015
2.908147637390905
1.351575078577244
-0.5776321581404953
9.526080900170514
1.3807527251436742
4.469391805912535
2.3869632240199574
-4.204544230407775
4.251357822869299
0.08139063567807941
0.369869843510894
-2.9556026722852806
2.1541786869833985
0.5330693678455227
1.6189617422716038
-0.9229132960081161
1.4817040995489634
1.571690415171775
-2.3971528534715976
2.6919510083312224
4.913981870106681
0.6893323592731465
4.069075393414725
2.6421582736147196
-2.6955372981575874
1.6596656809565675
3.1546758490849993
2.232958467667241
1.254143491617097
6.689931907140284
-1.3824127632873007
1.7273464589228982
2.1618721756696027
1.6773629317454923
-5.306552258920567
-2.998048638335677
4.065768200219911
-5.892667844424125
2.2003069732923155
5.006019308391415
-1.2530109480337637
-2.052451189389658
3.4676985076189792
-10.35128791847136
2.040233374668432
0.7461854181036973
-0.8578938850899211
4.171214791290535
-1.0141709735226276
4.159325521565954
-4.424946736300265
2.953147800834257
5.934692837551776
3.597726156267413
-0.8968409111398983
0.11117419291446207
0.8157128404521168
-5.762071805276626
3.558524085766071
-3.659317412776458
3.5610221882444777
3.5977342604830103
1.8329983923014375
6.605522408928823
1.9391390233194068
5.6293312857455176
-1.6194392373877413
0.36779390360710096
5.326704035768048
-3.425309125041629
0.8987855873626405
-2.1815623313104697
1.3096253059762926
-0.8735657583909437
-3.830234902679047
0.08419085030199247
0.13837407815392222
-3.0517718860871823
3.2056915576033433
0.9054745191184754
-7.057445333873823
4.239437248420651
-1.279685530931706
-2.5889477061243316
-7.352896486530881
4.15678302378176
-3.373724599576578
1.8522650110620176
2.683457904966943
0.8878959445316533
2.905189836028693
0.0052530015862805035
0.7437833322287917
0.5642456476429389
2.005890248073538
5.367443521869302
0.2700024954821636
1.470075580322101
-2.561023277768726
-0.5521648709811375
-0.3463917947022354
-0.49055632416089234
2.1957223119547744
5.104159492207943
-3.0658654162138546
1.3853165422480984
-1.4775464923549149
-4.198201001984323
-5.571290664679335
1.4012241893317812
-0.27081214608495496
-1.7550402208788134
4.827695579271172
4.668190010332741
2.201132520294311
2.4927883378254783
3.155122291615827
-1.0417254066454178
-1.515522183481267
7.989882281753738
-4.673982153040005
-0.06314496173606687
-0.9414797961451489
2.4576738415904456
-3.1586726420445057
0.29629852400507817
1.3125259554767714
-0.4088759489985412
0.18891271701034396
-4.175652218571499
6.769896515989998
-0.7524452347076589
3.9179185028949233
5.439905652184029
-2.702444292343108
-5.197428537168236
1.0985399278901296
-5.495556186413886
-0.1775852833858691
1.5185644496905928
1.573244460825383
3.26914617510438
1.7701909833486829
4.1154209669619854
0.7005773789535343
0.4681856717674284
-0.2880557132687976
-2.77423928488882
-10.9364965937156
-0.14145927676625014
-1.0792285153075802
4.848928392448203
-9.668232515619982
-0.5247184698264575
0.38160553512038076
-2.849226807254958
4.05931888844362
-5.075830002650369
1.21592020298389
2.974120473788036
-4.010761843436573
-2.364152846187179
-1.7994198011971192
2.4773743514197557
0.11569734564598777
2.6005245728752167
1.5068253017242819
-2.4148080635818925
1.0009523060978998
-1.7806106055178024
7.653845103327417
-4.025527802455056
-3.1428758876249767
-3.177528236104502
-9.910446597605512
2.0575800881212536
3.0409915945043737
0.771807353513954
3.103448209567022
-0.37815814011819837
-0.07864046263206909
0.8202221511828871
-0.03894359247497903
-7.941473547134726
-2.419471089685874
-3.2622953886371118
0.5359731323061425
5.875669116809042
-1.0372901223619726
2.1281975167727287
-2.9047567498712428
-0.19452907548708476
-2.2671748771525255
-1.1428934195185683
-2.4317882610696797
-13.08481126264866
-1.0474010142273422
7.482482957177792
-0.27443212325774635
-8.152790706739607
4.557106165209355
1.4813307216265992
0.6820058044666863
3.4987723625091776
-2.648487252714663
4.352908985841628
0.4196277321672581
3.4061742723654826
-3.320175139298943
1.2672571083256416
5.612882351973796
-0.8213533350169999
3.001760041249259
3.3407198560988123
-3.1159116954882426
-2.1268597648603995
1.7954343144067315
3.261233259818808
2.3367506646688545
-4.457155232431249
2.7764246705225384
-0.5710488482223974
-6.906631250271938
2.9683668224422752
1.8124748803438961
-0.0846339567578247
0.20497723815756375
2.968470852425764
-2.744578345170223
6.541478991692547
-2.5039649623234683
-0.3562349934649646
-3.2912057809505484
-6.590247835781174
-1.3741963829889645
-1.7344435953979902
-1.7745902661133184
0.03712948062664312
-0.5255899834627122
3.621585873781912
3.444149980284186
-2.11489529142227
1.421597149227273
1.6727402457213074
-2.3215383128414553
-1.534866549280065
-4.476837599261134
-3.02746887810967
-2.444947193649136
-3.1988749605466316
-0.3772417962555523
-7.218656573384197
3.216422935460559
3.2235345031700704
-5.870438565362539
4.671555361257366
1.6369427762537376
0.6034686466164085
0.5565867630216177
3.67327016777131
1.2370039119950453
2.41096417144157
1.079815586038714
0.4559693059181641
1.940277527310411
2.3016460241187016
-2.2240386284227016
-1.0260395118314198
-3.5061561408430357
-4.290703909950809
-4.14473991785098
0.9642316943626819
-1.9527000941667327
2.767950814457948
5.46879031841237
0.5948335320119318
-1.3255415715925074
-2.1857504194643966
5.155042524756039
-0.5718285743283917
4.190779577701122
3.8767796218273567
-0.0542419796218373
-2.095417177300947
-3.468403612900624
3.610203775368432
-2.1075680805677854
3.3173798161418286
-3.741275596645461
-1.2551696124233365
2.700454273590288
-3.5919741025330967
1.7480030356400642
1.2434335311162545
2.9647938265950815
-0.8987236507616578
-3.635378743055245
0.14058051045971132
1.0891988562844679
0.3720594681535935
-0.2703852971029743
-1.8129082039293847
-1.461147638201559
-0.3587685878835861
2.2346814044916434
3.9097226491367563
4.732002972593524
0.6365236250631886
-6.367838118474734
6.2050961231312725
7.083753546331419
3.8534276901705344
6.468502158160655
-1.0263830512376924
0.10651338796101295
-0.290688132144721
-6.962533566581454
0.5328506844336869
-0.3012512120262141
-4.930903888916003
-1.9302624303852403
0.40602617520324635
-1.834527260653441
1.5062357520657061
-4.03995452512232
0.9472551082859246
0.34799291632245466
-0.006334653277073499
-1.8500495137276558
1.237779058374386
4.397181463824152
-0.2285699435101396
2.1582995153734132
-8.772634809707759
0.06992606116209465
-1.9285384585725922
1.3894179837144525
-5.431878449176017
2.0044408760700754
-5.2173428220358815
-3.818401442770144
2.9278486953341494
-0.4654899013953977
-4.172402875813183
2.4492503200624545
6.164109391795291
0.9256609687147813
-0.46304143423176725
1.9994326252829824
2.7653892742707007
-1.1021337733700973
-6.196241284658127
8.226996202335595
-3.680400318493924
4.6102678573254146
1.8731703083816784
-4.081928151999737
0.4093221481089393
5.205448958920195
-1.1662518905557349
1.3137109363590471
1.4760600753251325
4.23686779163018
-2.0731522059714362
2.610115537485441
-1.8749243478294753
-0.1544652263291535
3.0159754786786643
2.810771899371165
4.3026286934780975
2.020853201789123
8.231199210236754
2.6132203687248494
-1.2010516779980707
0.13370630920156645
-5.574168808381831
-2.306804640952321
1.903142837627946
1.8341296301193475
-4.16213246224474
-0.03559209790123852
2.365541548860293
-2.216268669914429
-3.707690343344763
-1.0524794190879834
-0.4967886249846565
-4.625780173648022
-5.231421517286858
-1.655391282012952
-4.8207214657863116
-7.26330702782934
0.6573524638593357
2.948566531140102
-1.2348776641514283
0.7046524238853897
2.160357486742352
-1.4015039037360404
-1.6084787057919132
1.6058632480269002
-2.2339206426958427
5.402976451129822
0.8148206331856859
1.5110464482226016
2.8088483610489403
-0.12611616204152357
2.983492348966633
3.705707688326372
2.4208396037616766
3.6540550956479954
-0.8648793125767633
-5.204269088550115
-7.117588739036143
-0.4553994636331061
-5.73450588076011
0.451317460240075
2.129073902514011
1.3029173119377275
-4.537026436016892
0.5088692849818459
-1.5550137442923169
4.4081810122964
1.1357355067842216
0.42271997697826347
6.865111669583314
1.8796214195025658
2.2921148857967304
5.759061957099993
3.3796155955362464
-1.6490159776016657
-2.1950272327276688
-2.0816572154353548
-3.0467620574145515
-5.152631262183011
-2.914278220151786
-2.117877560102616
1.47921472152336
-0.04456178859735038
-2.5781508781953826
1.2376977913287748
0.12469896666283198
-1.427779506316952
-2.393216402601052
0.8443943020114966
4.515288777669609
2.7101847838528137
1.089829012035899
-2.5984401807779354
4.876227255961634
8.10778408217877
3.733734056107321
-2.3529659615406007
0.4769077317245869
-0.06647741071127555
-1.2811211068911552
0.4632024864163322
1.7270812513166012
-0.32050694257508705
-8.003869946010244
-7.8928844432706855
4.92679285056049
-2.047362764260673
4.712448851073931
-7.102712892148327
-4.389951143826418
-0.5399157658821967
7.4596131340406995
-0.17288117265672476
-1.5996001588869948
-3.6049210426241585
4.122535276338873
1.039766154606443
-3.0204596260471295
-0.2087271724126385
-3.245402499274963
0.6868668811933527
1.2021209547390566
-5.949942291479789
-0.6758107743147013
-3.086211623230133
4.043582118108334
7.178112626920548
-7.275513541371206
1.0928681640825109
2.8695686828552005
-0.49708760180580347
1.371249857497121
0.31214418087664386
-4.197077300744672
-1.1633797618960924
-1.8186290777413432
1.0610037483422374
-5.727100982932082
1.5627055376391956
-3.6468133550772825
-1.6726940360245446
-0.12239396547738524
-7.322629429643638
0.3792803992589518
2.760664366209666
-4.587213876495576
-2.815518651037813
-0.9218021352181889
-1.0920548803283965
-0.785681025862913
1.5746986236872988
1.0013966958652187
4.93906666067312
-6.618724393577229
-1.4115269597208164
-2.88771331468157
1.6649975325455233
-0.3616898348733797
1.8618366452552353
1.6211535533635861
1.5202008707532533
-2.548714608966897
0.997356480149326
-3.072848636355286
-0.3998261720791527
1.7529031692692885
2.505486267597658
2.1099087506517717
0.5404389731586416
-1.0923130679948077
2.2264858687757956
-10.63989684353951
0.005711143769792759
2.5161240847958655
-3.2900552829420224
2.7563647405060867
-5.598708886456363
-0.10706526623542079
-7.436046739264093
2.442916267925951
-0.07183186101697459
3.5989258021162063
0.5902192917559196
-1.6450611417149197
-3.5950412750768947
4.118406614018003
-5.162996511884161
-1.0968873851165064
2.726925473833014
2.0165611418152385
1.2003534696001714
1.8816904773046956
1.9435327616182025
-6.4101078912294005
3.8916946222736946
-7.197099595429975
3.336689868536873
1.9239190587988415
-1.0766986666115654
-2.5896265315431357
2.4550968396314814
3.6022829604023525
-8.477057216667307
7.579922477331968
1.998358346223656
4.769893261499402
3.0251324718895445
8.11987071019672
4.0425508531885965
-5.524611308300443
-3.437677695152372
1.3380892925654164
2.981071684613364
3.043833461450628
0.4191129454190752
4.4114472921843015
0.26648394338294956
1.1318827834962457
3.504693065428768
-2.4925773006563507
-0.567415647125614
-3.025515346329327
-3.4521291715402533
2.8034861612831907
-5.853457128502852
-0.7419351969106747
-2.9433443112324085
3.4908719326393376
3.6132146985507654
4.785063146740555
0.1360243412817418
7.1711945071094405
2.942072506851241
-4.2788386000389655
1.10867213408418
-0.3751471066539631
-3.5487145076802533
0.4237738812669658
-0.45510573351633776
-3.5790420992085394
-5.6072163780072115
-3.436101167299887
-5.931509602983922
2.8519691062248174
-5.2327796244940465
2.499738990203772
-1.219316753554236
-4.7664296933337
-4.947628569001788
3.9451216127161697
1.051413778723866
2.4034966480978843
3.4778403958360093
4.2600357267318385
3.175964138865438
-7.63302839179155
2.541607138306898
1.978692201918336
1.035884819338489
2.913515085762744
-11.10552608684863
0.6590908292077027
-6.654516871952676
2.579094084194413
-3.6911272815733245
-1.477718084588961
4.842936868170684
5.680598355580125
7.470875478090607
1.551458939692505
0.2064359799779858
1.0408746233496182
1.279779763073981
-10.146652742128072
4.663797133271202
-0.13488975007943127
4.436601455181765
-2.6874789838585618
1.0822903007870766
2.994791767390974
-0.5586709234269942
1.0497634715068254
4.824724691187749
2.760656798092413
-0.18964778267244142
-6.236009318570426
2.901713078944059
2.876343525263456
0.9056509332233018
-3.269141612670823
3.0156114904359814
-3.5932962981574175
-3.4962137992611906
0.33298981784818293
-2.2957640907153007
1.3304612026085239
1.9811980741099586
-5.911518135301584
-3.637570160992789
6.984812704313158
4.55991824477275
2.1181484924000302
-1.0525437974513738
-8.355391984853703
2.8640003615111542
-6.321027553161764
-1.2298219120236302
-1.2519981271685094
0.48750151437035205
5.487442923565931
-0.3124125902713004
0.20651060139285082
1.6028355764641073
-2.0100203798650655
-2.366213175022691
0.6209392941285774
3.2903126441994166
-0.13447138873501197
-0.6437866750227578
1.6236713578983748
0.04265426309513076
2.826314242098193
4.488883653270698
-0.44656056847678993
1.5810884299149799
1.9141853954176358
3.3328924847099737
0.169282153197571
0.793175212135026
-3.1449865048759778
-3.7453362657185343
-4.006345509999607
-2.4584250794972324
4.630312211646759
2.669879262164148
-3.428032181067584
0.3683582159800629
-5.552098860844939
-2.658517759146344
1.7540794547841898
2.3961458773157753
-1.7687733840914823
-6.0759772007511055
5.739591136542756
2.4104133650657777
7.7854228423259935
0.8404108807376685
-2.071262822036796
-0.6654331474426067
1.333690043633828
4.400083393495292
-6.284983921310078
-0.9451223887527489
-0.569473704184583
-4.155373480817456
-1.7506828324976964
6.7796649174390655
1.1278218835378713
3.619820861695371
-0.4777750715352411
-0.33011555495422384
4.592201654275986
2.6338623119266495
-3.9814941669091066
1.7717515377300161
3.2643175739587402
-1.2895541415419194
-0.23124738752404428
1.1605898801107897
-3.4457359754551122
5.058710756943429
-4.3364828622075215
0.21482975542752936
-0.07252368199113546
-4.66964823043611
0.08418805338655228
-0.9227304882804286
-1.2418640825985237
-2.2922029198664324
-9.797461772241459
6.0750830340254645
-4.5974630704721156
-2.0259943065701265
1.9162398413282398
-4.6012786683104165
0.33748300084392824
3.507990853800205
1.851486554673216
-10.183360465914483
-1.9693491551742688
-4.85777425080593
-0.15398791244949206
0.04669777219716931
-0.7849100274748594
-4.074986397594997
-0.47363978964988224
-6.971465753822382
-4.090457260866534
1.8689001820505844
10.88887665521169
-3.0578581400263563
0.3669182619952299
6.625048497890683
-5.996836333300918
0.2735555416763731
-4.061722277464768
-3.2621093781971737
4.1037276866994965
3.4715479524311244
3.540785799817053
5.027419196620017
-5.131864608365823
5.029812269697944
0.05867973419571815
0.7133012414992421
0.5671316671322888
-5.825429218022972
-3.0684866385581304
-0.08826708481484985
4.374344696074752
-0.808420024046351
-1.9989853743816912
-0.7537996599671042
-0.9037222382283883
4.747008676620077
4.178127016628437
-4.3641921822730385
-1.9646350583071195
3.9817899041007125
0.8339806538698868
-7.797396497416261
0.8667207265636767
-3.860793808739047
-0.8176742755815072
4.874618862796931
-6.299854880861609
-0.9850829888058854
2.0597276093542622
3.7805571471655215
2.86664036951126
1.912227566490766
5.6676344425593
-3.096091623278159
-1.7950439488995682
4.768220163496613
1.7185062624243579
1.8252141441605794
-0.712813543066106
-1.942911433163248
-1.3079654495567894
-0.7788601995152187
6.429690631038528
2.0744336588879246
3.8735089209541274
-5.775430694783958
2.982954852113414
-0.04355801952194527
4.328866598978717
5.503615989789315
2.5289418141604796
-0.6499854521921753
-2.127586147087576
-1.1220274863320245
-3.4661148982656544
-2.0948442533873597
3.6996717352624175
4.117130487383381
-0.19811772871542943
0.34243088513597897
-1.7920951745571854
6.318340456559999
2.5173345448429294
-0.17553646932683706
5.172615460731612
-5.243005792764297
-0.005564899323514005
-0.6497050292151709
-1.9293880667388388
-0.30310553082042235
2.297436100590447
-1.2675178794177475
-0.6705953892736158
0.4948321732253911
-5.346803754658268
2.7557433210594406
2.7463732825779896
-5.610999918880964
-3.7475658793689446
-1.6402334500519373
2.0340394740967507
-0.6269630429016584
-4.225472899602394
3.2117863018695503
3.0876620623559003
-0.9997004686291846
2.0718206638402115
3.3839285199880518
-1.811398236349441
-4.6060562018662505
1.4702469132999294
0.1711863407923382
3.066584549433618
-5.797563981852049
-0.5577160232796323
-2.2060910890646026
-0.694197314293513
0.0545518224418739
-1.7032562111964378
-1.7607222302666496
-3.771451382076047
-6.0057358845209965
4.295337833859933
-0.3673219509211698
1.0851142312993045
2.927986637360961
1.9458789922658104
-5.2041478561411
-0.44836910981087785
-3.5605663467512123
0.8999333177153213
5.014232004034031
6.409970097953091
-1.513606780914781
0.26809424931716386
4.593886472861403
-4.834675050613433
1.7559373388871498
-0.4034457554088897
-0.3870240774783134
-6.451036062705338
-1.1678687292613579
4.686563481522491
-6.71719513068763
1.471759745019219
2.455456582213338
-2.35488919364808
-1.8057487204611142
3.891814366522759
-3.289824232440431
1.750063588507782
-4.619007368318644
1.916495246188418
1.3281820241681364
2.9492324457353303
5.394937104998657
6.839471369726004
-0.7593732327812712
-5.076871632504433
2.8840332868304164
3.2424057885466717
-9.815370856203964
0.35727238571453546
-3.8708016158612732
5.893700524249422
6.342216566449407
-2.5103011970118123
-0.5053305161275177
-1.535031098953278
-1.1026645648291162
6.52843701359533
-3.816430149546017
-2.621023237346446
-1.3449521218004488
4.058947257091752
-5.521888818705642
6.008361655735086
0.00301706952220826
6.394306225008213
-10.37084653254676
-9.708188207588169
0.05971821430582097
-0.4617585865664934
-2.0221991986741106
-2.697774874486336
5.2789127064216474
1.638975464947638
1.1394753301416438
4.971859477224611
-4.977621550433074
-2.052669354966627
2.0946695145426397
2.174001750826937
6.022622694188523
3.18548629350202
4.284196783852239
-1.6532112015743317
0.5486783423667907
-5.933448004945006
3.167650585722714
0.10302816196280018
-2.310234631165958
-6.754119117204607
-0.07815022516728298
-5.576200154407003
1.7224055685388016
2.37926438675143
0.12418970611346314
-1.3813948649351322
1.3687986099560516
0.8658653095911601
2.429887182399287
2.1572879150837756
-4.091616351453341
-3.4987391266651655
-4.813137178706323
-3.5553894529325456
8.706619475966829
-3.4374760420777157
-0.2257339064705204
-0.12355168325623911
-7.092588786377103
-1.2061397727258552
3.786051957668321
0.95037028359393
6.847669995128218
-7.650409733855471
-1.7836366569098496
5.695581341138175
1.243581763739582
-6.956791423817001
0.8931987750793358
-6.1990497971584535
3.8871300619066584
-2.712982363516238
1.1665595348307432
-3.2788609835755613
3.103888172690511
7.486039900129987
-4.065242841682611
-4.935631538719996
2.7588006583524805
7.382592187164287
0.2057313029244705
0.3919415168488456
-2.2766259590133067
4.174302625433665
-5.900292136073206
4.324630743802509
1.7843212982796326
-8.062039199089458
-2.274454153135408
3.176657574870255
0.10738737403271773
-0.14974800860020726
0.5487931245987234
2.2242827262291227
-3.233794433581811
3.6864779373464596
-3.928287311722867
1.9121350801955053
1.0286015388238976
5.517339355361002
1.158656176649413
0.04020832283760756
-2.5565781504588134
-4.101583084097293
-1.8144654358270658
1.4860203206985192
2.0562101974990816
4.740138771376284
0.8682016565689477
-3.218890022421894
6.194439104429083
-4.56250995654065
-0.9511176450973855
-1.6922419969517712
3.4284835072885405
2.5560796810709476
0.3124985535272229
2.6293975016001716
-2.933917736373902
1.9464546939885394
6.056317732219859
-0.17678954198203556
5.962644400170758
1.8766643106084264
-6.878187562517759
4.323259083736033
-2.403828977980173
0.09066855168670362
-1.4602929553923272
-0.7216924205028024
-1.7373822752261359
1.8864285336856232
-3.5271993393662013
-0.1918727379140388
3.463815898226535
-1.8009512205476566
5.05238313519002
-5.97563393152925
1.183137082030032
-3.0196015873898174
1.3408635561448383
1.028748357272673
3.7583002226106936
4.556884693480846
1.7876789578919408
4.859343601307683
3.6388011637702435
3.03395656527369
2.245570752187238
0.8100258096471302
0.5541308904521446
-3.388859386043608
0.9139131582700402
0.21561023538857033
5.207600684729802
-9.199281003549853
-4.067877755808522
1.1726629774558621
-5.352518967221387
1.9386027867087297
8.17176528640132
7.976148816879267
0.27317477125939416
2.7891933095315857
-2.1088659333508266
0.1010558123500569
-2.1208157018502
0.7265684964226811
-0.8656233185596607
-0.8873397622192454
-1.5574619382356198
-3.4474826549645052
2.3734190531553914
3.5948472133453118
-5.473398883497381
-2.2203731220254674
2.1684364355769703
-2.232532634789385
-1.6967022081786518
-1.5636445993893937
-2.6345271516151914
2.389322108393261
0.5615043074899374
1.1348204224245015
0.04583437595088613
-1.6921471094210903
-3.226577422421962
-6.196621241275578
2.206900542313325
2.6179943587477057
1.7620605683159165
7.6692375031217335
1.9882710898913891
-1.1390537622041133
0.1359064380585493
6.315667774520097
-2.3874246930015888
0.5123595666277376
4.905597655720946
-4.387890068017751
-2.0600370548846576
-3.7845150788834627
-1.9803680855895527
-0.12785740192142164
0.5966786811395116
-3.499253009041478
-1.3345813339128574
-0.9918269190439886
-1.3701458407753604
-0.8103418812640211
-4.08172169475882
3.58213180779293
4.342074362630708
3.448166565562305
3.957460223942083
2.1735728660260065
4.534984571337095
4.359691076160699
1.349721290940568
7.008831413194463
2.5602931468766936
-0.7567464284056775
2.684154157725798
-2.982715710728855
-3.5555143596625802
-8.847061804175809
2.363306475881991
4.577693542597439
-9.167407266172134
-5.436944294558554
-0.689378314688835
2.758310543907207
1.199669204209649
-5.873396871246584
5.126552326895768
0.29257100496272415
-4.7388127734243435
3.912270729626953
-4.3125110204285875
-4.787267894750033
-7.964760514305333
-3.2844161708629467
1.7677242668812738
-0.413164917819996
-0.31281724878634076
-1.5318491464339414
4.926755910410114
-0.3494414687253894
4.394241852472454
4.934271063572291
1.426807793272314
5.382052482147696
3.307429200062703
0.17601068967842703
3.19040778866741
5.770001672412079
7.549580940260984
-5.177897203688284
-2.2455478659449177
-1.9636609580984907
-7.156966947263467
3.6603466554303363
2.4295052432971604
-3.4211773905873395
-4.997491607071126
-0.9984872546319596
-1.3592066653291273
-1.0982081969959445
4.226500712229714
-4.1975917079469705
-5.112416397750095
-1.6958090063846356
5.101101517213195
-0.4808379488332457
4.4097276526413705
-1.1704284654082864
-0.25626120349110604
4.593818902889921
3.1708337704817517
8.063604346464643
3.6647572739067016
-1.9387161466198677
-5.030332059168494
3.8989252749386747
-0.6941010121795319
-2.1238259007383102
-5.811070758600973
-4.314966383320504
-0.010027283233652762
11.312160569871061
2.808074130318271
4.6321268054877125
2.3585602672289436
-2.2499226375345738
-6.781304784861333
0.19110114718828589
2.7394377648813504
5.121537371658272
-2.1531967255290843
-5.176117453548682
-2.1555050483710843
-0.99433119412939
3.6296287737521507
-2.9039490584964494
-4.421800169629184
-1.8409627841059786
0.7929286275513636
2.0572558080758343
5.169955377145438
1.0988061314651991
1.2343723780441844
1.4728807846784915
-0.9886821108770802
-3.993250916043155
-4.010720568143483
0.06195005117884245
-2.1295950566616817
1.058847132257691
1.0215926701557625
1.5861880357759723
4.605670525108072
0.55686594518642
-1.3681635199886681
-1.9384878867035937
0.4863900474219627
-2.1037974495168594
-0.9483580912361098
6.5447875887045885
3.8412458884714904
-0.4153539865462763
-1.8536371593629708
-0.461565706664665
3.204106103405158
0.0242630360698195
-0.4346657689922755
5.222669138173865
4.956054701129437
2.480044617113319
-3.8303055613177968
-1.5990185063162041
0.10161459217007351
2.9291509777964144
-1.5927903901034424
1.7142979576216835
-3.2558371511041257
-1.033700882944542
2.1122585479006104
4.233959045775984
-5.663428465313744
4.125807872928556
5.450623415494531
8.497295687667753
-2.4104608462235437
0.010989787939998052
-3.6185919137281246
2.7552462220307703
4.152264950621627
1.3953678697330751
-8.764721777515373
1.5080605463378154
4.523893420974191
-0.056780784677938456
-2.901878803328342
5.670059823407021
-1.7912026013667508
2.8497912554795306
0.6737738751301414
2.1681970188420805
-1.0344629431548684
1.179148356278561
2.1799556191902116
3.6902659535548077
1.6328686843818843
3.67872310644701
-5.584669370729295
1.3529111289679374
1.3895550400261611
-2.0618619278428962
-0.537971491547693
0.6189029479895063
-2.9798392099088162
1.5105579272927705
-0.1649158538611899
0.16529909873728155
-0.8751397638333445
1.2041000758181095
-2.0980833876337828
-0.645419777656717
6.347756562758021
0.9986273432272804
2.5758279046998482
3.841955278412967
3.294726843414188
-5.342090420331694
0.47496789753658186
-3.073075999216707
0.3093591022795934
2.3099279676863644
1.7930502727690043
-6.4729771142413455
-2.8377405628265167
-1.0121018898868845
0.9982435775185529
6.248718082187106
1.9884309085410794
-1.1310666505852272
3.4514368590611344
-4.515888327328782
3.720213288761401
6.019724792239117
2.166756533286161
-4.276408653388189
2.9694784113689527
-2.996168070796819
-7.111856732353395
-0.7116197714666241
-0.4273580851321942
0.09805137833159394
-5.539025256782136
-1.0260862046507135
-4.101389556118689
3.911070756380939
0.7697705649627666
2.891507987135493
-1.2249083377620722
-0.11043110921843857
1.3896197040970604
-3.1463118588208663
-2.787069163855674
-2.499705332554454
-0.10027342872234346
-5.492167199761589
1.3607050722873502
-6.031003703253646
7.219584683972683
-5.237312285357775
-5.129449854268202
-1.6346529719664322
-1.8696715355881328
-3.777825852033372
3.1506199035735776
1.030562831947672
2.1820463521533355
0.270094642341169
-6.4247082673419245
0.6595917754938334
-3.9607845817423866
-7.699557495212398
5.300336006341285
-5.482241183478273
2.72949106705949
5.436758047228797
1.9759004127860478
-2.079805169819473
1.1822587069941268
-2.1160347950211844
-1.951395352500719
4.409408348750759
-3.859087681879794
-2.642098057673498
0.34460969896483395
-1.1378696196882156
-0.09535810009611034
-2.9525058265682382
-0.5934789611370972
-2.0281002052970405
1.90439990222059
1.6758183793905543
2.699551132144696
-1.8619402892262291
-2.3746683221687666
-1.5325679564607073
-2.3981506541957653
3.832191334046078
-3.6943559697526744
-5.167495134508834
0.6951107169566981
4.749029644463123
2.778153290798912
2.844496930280537
2.4990375736070334
5.740205215887143
-3.56662925534642
-3.040186959648142
-4.052225183499266
-2.9959359608521714
0.4587432076154778
3.7898684686417603
2.203165781706568
2.7363162146159095
1.2522553825204603
1.0528759974292914
4.700121195163362
-1.6807498248054382
2.8486515331674047
0.9447531946183103
-4.670325425361918
0.48615097593824563
5.835286305655284
1.945726185989313
-7.352338001074777
-4.223039763185013
-0.8641306857014313
-8.953325935568499
-5.728943463901471
2.8938683046092573
-3.2736851039666957
1.4679089431622918
-2.0532490910353447
3.627434778111647
-1.280394961899285
-6.0421823611625465
0.9760556401387621
2.3067868582858617
5.1554915632282245
1.4278045710207028
-2.5047267662206023
2.1875916910224427
6.6086662066721615
-1.118373050895554
-0.9527610977813512
-5.34674094236946
3.0987943720391713
0.09963867963728806
-0.3997851549754676
-3.0136192064828493
4.323843091396945
-6.088049743412111
-0.7470228138350725
-0.6460582413236535
1.6018286300204498
-1.3094842265333648
-6.673378688604778
3.007424936904614
3.4938207187750687
0.5230677919464738
0.5266789756786583
-4.527982594684881
6.558849367385459
2.6157571438356824
1.8717214138835438
2.20090830100654
1.4575046213647127
-2.692254241406615
8.245288516558134
-1.13566731363163
0.798988860291568
0.8656865235792827
5.008906961753561
-8.82351884256456
-4.500405198446954
-4.966068684852601
2.1399991919951926
-0.15308066970510548
0.7002392984576002
-5.659882177599474
-4.37789397270442
1.464466687515264
2.3150099916228535
-1.7734409256730053
-0.14142830395405293
-0.7987468778637019
4.612145811517649
-3.340574190143915
1.2640937151740197
-3.645512229957574
-3.214944159779043
2.8958782080315313
1.2839211822096275
-13.10393477744845
-1.666379001332106
-0.33911203862190575
-1.3660713383269796
2.7507970655707816
2.5707455688605476
-7.354592884043573
1.7377154136997541
-3.924142588637399
0.93329257754286
-0.21371887189599592
0.67570009930101
0.20052582767655203
-0.023549935680466205
7.76831177200057
-1.9261434977629315
-0.8056968622687917
6.169136241910433
-3.301708070313186
-0.678559208801298
0.5830680215155284
2.4888020018852552
-2.4553373573497113
-0.9167391112730439
-1.4399463393384946
2.499749693106325
3.1145379254734755
-3.0479764429592118
1.825070043393512
0.28355369054962676
1.4680764343524755
6.156077512673156
3.7033382092484963
-4.273315073270821
6.603917548964927
0.2648019003536368
-5.063832875680187
2.896288793581358
-0.5345285362328815
3.0246733520174507
4.360922120568707
-0.8978500084604348
0.041511495827404765
-1.8375356312715836
-0.35482053439585015
1.3790223175282557
-1.946145911725122
4.791937457200973
-0.19511815174213698
-3.5346666993172473
-6.053120272714359
0.1583613606711083
-2.672742879988618
4.927662030750115
-1.0980203570068796
0.5008101086653012
-2.540898090736457
0.0069247630261646265
6.788128984853376
-1.4155574245242712
2.065272479399325
1.8116495344103378
2.9664114448123273
3.8638614730120873
2.1527869259278836
2.860996854724246
1.485381255930223
4.462971766569189
-0.9329356103105302
-3.1043773773591132
-4.612595446431591
-1.0716994016655237
-1.8108323424193178
-4.496125736977041
1.020556830500074
1.1727720397247425
1.959959490763548
-3.2664901902580903
-7.149968729742336
1.0144977062861515
-0.4752399014534552
-1.5070200774478975
0.035180511622070254
1.7524167191968094
-2.510322426502718
-2.083882993270228
-0.44599074222693
4.737872626878573
2.1572026476812174
0.19365756356805452
-0.4113566817192958
-5.661981715262309
0.17280004518144887
-1.7870245337674198
-1.2698291159380026
1.4358368011548175
-3.6888798854667195
-0.7906564558540301
3.9214793685816103
-2.429468024357585
-0.6275670641311857
-3.0641218839406363
-1.2980012078590888
0.5127936732506546
0.4512793827129773
0.05549191821782351
0.33393159397063477
2.7485669782953117
2.4476159620793365
3.3989991361217813
3.195540980190437
5.656508872175766
1.0068820681454818
2.9669625816798564
5.0122337114109055
3.129930259248126
2.464070923947805
-1.8886553977831033
-1.6698871533019533
4.023219411320323
-3.449772326773374
1.579759053552004
-0.356924934972076
-0.9888103915421969
1.9675869392584504
-0.34493169897672404
2.4836319398829962
-3.2550215737584036
-4.646894501273451
3.534814998203173
4.461086727747938
-2.5949662350446294
3.3404207507737933
7.11358093510113
0.31623281252159163
1.8086907167908834
-5.94358126603536
8.228858647348138
-4.951678877444225
-8.91043415080107
-6.371452436736359
3.0167405112481003
2.970800504414238
4.588587207854835
-1.7203905583018666
0.3559645586111948
-4.467481140724406
-5.2759862294756985
-2.5234661818712314
-0.3788567310329114
-2.1819846480956517
-2.560883968485153
2.3666557040275213
1.1392106149485315
-0.2860374333259329
-2.071895704504503
-5.637636080662821
-0.7663467534287303
1.47292120738848
1.6174085047722624
6.660231252663671
-0.3959854829205277
4.6722928563112704
-6.887823598376244
-1.704869348134924
1.0549258027377018
-0.7377867451688049
-0.6134930487581395
3.04585991533353
1.699180761608986
-0.6024362201830246
0.7781652264920486
1.0710357262290273
0.26363581123873825
0.6804535032585812
-1.6166181087282872
4.174731632205662
-1.1920734973686813
0.6683074354642846
4.955308217559357
0.8251363434422823
3.425298724157351
2.130674051068814
2.767790272227107
4.480265052984148
-3.5256366200905083
0.09336185445497436
2.088239802676178
-4.0399862329579355
-1.2459969757834326
-2.3106814668543256
-8.11611472213147
-3.7993940408065194
-4.445123304091754
-11.010349312926916
1.2460053115522383
2.6736993122331727
-4.852144470477427
1.885210601373945
-1.4258807824411126
3.9968337905974387
-1.5900804259047439
-5.207255969670271
3.1853853607796014
-1.3712330222263156
8.612248984760516
3.705079084250013
-1.5046204934349894
6.593465388471219
2.5130007823621177
1.0284720880067832
5.247830897981021
-2.6560955273752445
1.6201416085447913
-2.8951315674998654
0.3360635408414504
-3.0466308036949292
-4.6217001708422165
-1.1380418420338074
1.7560508387610891
-5.092661020330258
5.680191201816693
0.4173244512297477
-2.380282684313763
1.942814896624617
1.9251340460744895
-0.9269107915863675
0.8894051514440351
5.872979809843986
-7.613579559265009
3.52215592559926
-4.307147069061389
0.6574710294979695
-3.2836161578252305
-8.277986321624761
3.889845223106753
-4.135114652552403
0.4338727977317025
-0.302874956387174
-3.543067680509908
-0.7306645609776008
4.766797968802833
-0.35195386209910784
2.8556909074729893
4.165126787087579
-0.6327589940088112
-6.771364083190642
-3.130742575614972
1.2368366804352924
-2.5037184765822214
0.4693687444000556
-4.219573612892719
3.5694472307557437
0.42381032769222976
1.4941899955832678
-5.9890019588403
4.505071396009559
0.3373184025526703
6.437597084034132
